    4   5   9   11  13  14  15  16  17  19 

03: 0   0   0   0   0   0   0   0   0   
06: 0   1   1   1   1   1   1   1   1   
07: 0   0   1   0   0   0   0   0   0   
08: 0   0   1   1   0   0   1   1   0   
10: 0   0   1   1   0   1   1   1   0   
12: 1   1   1   1   1   1   1   1   1   
13: 0   0   1   1   1   1   1   1   1   
14: 0   0   1   0   0   0   1   0   0   
16: 0   0   1   1   1   1   1   1   0   
17: 0   0   1   0   0   0   1   1   0   



15->8
19->12
9->4
11->1
18->3
4->10
0->0
2->7
1->6
5->2
3->18
