 131 130 129 128 127 126 125 124 123 122 121 120 119 118 117 116 115 114 113 112 111 110 109 108 107 106 105 104 103 102 101 100  99  98  97  96  95  94  93  92  91  90  89  88  87  86  85  84  83  82  81  80  79  78  77  76  75  74  73  72  71  70  69  68  67  66  67  68  69  70  71  72  73  74  75  76  77  78  79  80  81  82  83  84  85  86  87  88  89  90  91  92  93  94  95  96  97  98  99 100 101 102 103 104 105 106 107 108 109 110 111 112 113 114 115 116 117 118 119 120 121 122 123 124 125 126 127 128 129 130 131
 130 129 128 127 126 125 124 123 122 121 120 119 118 117 116 115 114 113 112   # 110 109 108 107 108   # 104 103 104 103 102   # 100   #  96  95  94  93  92  91  90  89  88  87  86  85  84   #  84   #  80  79  78  77  76  75   #  73  72  71  70  69  68  67  66  65  66  67  68  69  70  71  72  73  74  75  76  77  78  79   #  81  82  83  84  85  86   #  88  89  90  91  92  93  94   #  96  97  98  99 100 101   # 103 104 105   # 107 108 109   # 111   #   # 114 115 116 117 118 119 120 121 122 123   #   # 126 127 128 129 130
 129 128 127 126 125 124   # 122 121 120 119 118 119   # 115 114 113 112 111   # 109 108 107 106   # 104 103 102 103 102 101 102 101   #  95  94  93  92  91  90  89  88  87  86  85  84  83  82  83   #  79  78  77  76  75  74  73  72  71  70  69  68  67  66  65  64  65  66  67  68  69  70  71  72  73  74   #  76  77  78  79  80  81  82  83  84  85  86  87  88  89  90  91   #  93  94  95  96  97  98  99 100 101 102 103   # 105 106 107   # 109 110 111 112 113 114   # 116 117 118 119 120   # 122   #   # 125   # 127 128 129
 128 129   # 125 124 123 122 121 120 119 118 117   # 115 114 113 112 111 110   # 108 107 106 105 104 103 102 101   #   # 100 101   #   #  94   #  92  91  90  89  88  87  86  85  84  83  82  81   #  79   #  77   #  77   #  73  72  71  70  69  68  67  66  65  64  63  64  65  66  67  68  69  70  71   #   #  74  75  76  77   #  79  80  81  82  83  84   #  86   #  88  89  90  91  92  93  94  95  96  97  98  99   # 101 102 103 104 105 106 107 108 109 110 111   # 115 114 115 116 117 118 119 120 121 122 123 124 125 126 127 128
 127   # 125 124 123 122 121 120 119 118 117 116 115 114 113 112 111   # 109 108 107 106   #   #   # 102   # 100  99  98  99   #  95  94  93  92  91  90  89  88  87  86  85   #  83  82  81  80  79  78  77  76   #   #  73  72  71  70  69  68  67  66  65  64  63  62  63  64  65  66  67  68  69  70  71  72  73  74  75  76  77  78  79  80   #  82  83  84  85  86  87  88  89  90  91  92  93  94  95  96   #   #  99 100 101 102 103 104 105 106 107 108 109 110 111   # 113 114 115 116   # 120 119 120 121 122 123 124 125 126 127
 126 125 124 123 122 121 120 119 118 117 116 115   # 113 112 111 110 109 108 107 106 105 104 103 102 101   #   #  98  97   #   #   #  93  92  91  90  89   #  87  86  85  84  83  82  81  80  79  78   #  76  75  74   #  72  71  70  69  68  67  66  65  64  63  62  61  62  63  64  65  66  67  68  69   #   #   #  75  74  75   #  79  80  79  80  81  82  83   #  85  86  87  88  89  90  91  92  93  94  95   #  97  98  99 100 101 102 103   #   # 106   # 108 109 110 111 112 113 114 115 116   # 118 119 120 121 122 123 124 125 126
 125 124 123 122 121 120 119 118 117 116 115 114 113 112 111 110 109   # 107 106 105 104 103 102 101 100  99  98   #  96  95   #  95  94   #  90  89  88  87  86   #   #  83  82   #  80  79  78  77  76  75  74  73   #  71  70  69  68  67  66  65  64  63  62   #  60  61  62  63  64  65  66  67  68  69  70  71   #  73  74  75   #   #  78   #  80  81  82  83  84  85  86  87  88  89  90  91  92  93   #  95  96  97  98  99   # 101 102 103 104 105 106 107 108 109   # 111 112 113 114   # 116 117   # 119 120 121 122 123 124 125
 124 123 122   # 120 119 118 117 116 115 114   # 112 111 110 109 108 107 106 107 106 105   # 101 100   #  98  97  96  95  94  93   #   #   #  89  88  87  86  85  84  83  82  81  80  79  78   #  76  75  74   #  72   #  70  69  68  67  66  65  64  63  62  61  60  59  60  61  62  63  64  65  66  67  68  69   #  71  72  73  74  75   #  77  78  79  80  81  82  83  84   #   #   #  88   #  90  91  92  93  94  95  96  97  98  99 100 101 102   # 104 105   # 109 108 109 110   # 114 115 114 115 116 117 118 119 120 121   # 125 124
 123 122 121 120 119 118 117 116 115 114 113 112 111 110 109 108 107   # 105 106 107   # 101 100  99  98  97  96  95  94  93  92  91  90  89  88  87  86  85  84  83  82  81  80  79  78  77  76  75  74  73  72  71  70  69  68  67  66  65  64  63  62  61  60  59  58  59  60  61  62  63  64  65  66  67  68  69  70   #  72   #  76  75  76  77  78  79  80  81  82  83  84  85  86  87  88  89  90  91   #   #  94  95  96   #  98   # 100   # 102 103 104 105   # 107 108 109   #   # 114 113 114 115 116 117 118 119 120 121   # 123
 122 121 120 119   # 117 116 115 114 113 112 111 110 109 108   # 106 105 104   #   # 101 100  99   #  97  96  95  94  93  92  91  90  89  88  87   #  85  84  83  82  81  80  79  78  77  76  75   #  73  72  71  70  69  68  67  66  65  64  63  62  61  60  59  58  57  58  59  60  61  62  63  64  65  66  67  68  69  70  71  72   #  74  75   #  77  78  79  80  81  82  83  84  85  86  87  88  89   #  91   #  93  94  95  96  97  98  99 100 101 102 103   # 105 106 107 108   # 112 113 112 113 114 115 116 117   # 119 120 121 122
 121 120 119 118 117   # 115 114 115 114   #   # 109 108 107   # 105 104 103 102 101 100  99  98   #  96  95  94  93  92  91   #  89   #  87  86  85  84  83  82  81  80  79  78  77  76  75  74   #  72  71  70  69  68  67  66  65  64  63   #  61  60  59  58  57  56   #  58  59  60  61  62  63  64  65  66  67  68  69  70  71   #  73  74  75  76  77  78  79   #  83  84  85  86  85  86  87  88  89  90  91  92  93  94  95  96  97  98  99   # 103 104 103 104 105 106 107   # 111 112 111   #   # 114 115   # 117 118 119   # 121
 120 119 118 117 116 117   # 113 114 115   # 109   # 107 106 105 104   # 102 101 100  99  98  97  96  95  94  93  92  91  90  89  88   #  86  85  84  83  82  81  80  79  78  77  76  75   #  73  72  71  70  69  68  67  66  65  64  63  62  61  60  59  58  57  56  55  56  57   #  59  60  61  62  63  64  65  66  67  68  69  70  71  72  73  74   #  76  77  78   #   #   #  86   #  84  85  86   #  88  89  90  91  92  93  94  95  96  97   #  99   #   # 102 103 104   # 108 109 110 111 110 111 112 113 114 115 116 117 118 119 120
 119 118 117 116 115   #   # 112 113   # 109 108 107 106 105 104 103 102 101 100  99  98   #  96  95   #  93  92  91  90  89  88  87  86  85   #  83  82   #  80  79  78  77   #  75  74  73  72  71  70  69  68  67  66  65  64  63  62  61   #  59  58  57  56  55  54  55  56  57  58  59  60  61  62  63  64  65  66  67  68  69  70  71  72  73  74  75  76  77  78   #  80   #  82  83  84  85  86  87  88  89  90  91  92  93  94  95  96  97  98  99 100 101 102 103 104   # 110 111 110 109 110 111 112 113 114 115 116 117   # 119
 118 117 116 115 114 113 112 111 112   #   # 107 106 105 104 103   # 101 100  99  98  97   #  95  94  93  92  91  90  89  88  87   #  85  84  83  82  81   #  79  78  77  76   #  74  73  72  71  70  69  68  67  66  65  64  63  62  61  60   #  58   #   #  57   #  53  54  55  56  57  58  59  60  61  62  63  64  65  66  67  68  69  70  71  72   #  74  75  76  77  78  79  80  81  82  83  84  85  86  87  88  89  90  91  92  93  94  95  96  97   #  99 100   # 102 103   # 111 110 109 108 109 110 111 112 113 114 115   # 117 118
 117 116 115 114 113 112   # 110   #   # 107 106 105 104 103 102 101 100  99  98  97  96  95   #  93  92  91  90  89  88   #  86   #   #  83  82  81  80  79  78  77  76  75  74  73  72  71  70  69  68  67  66  65  64  63  62  61  60  59  58  57  56  55   #  53  52  53  54  55  56   #  58  59   #  61  62  63  64  65  66  67  68  69  70   #  72  73  74  75   #  77   #  79  80  81  82  83  84  85   #  89  88  89   #  91   #  93  94  95   #  97  98  99 100 101 102 103   # 111   # 107 108 109 110 111 112 113 114   # 116 117
 116 115 114 113 112 111 110 109 108 107 106 105 104 103 102 101 100  99  98   #  96  95  94  93  92  91  90  89  88  87   #  85  84  83  82  81  80  79  78  77  76  77   #  73  72  71  70  69  68  67  66  65  64  63  62  61  60  59  58  57   #  55  54  53  52  51  52   #  54  55  56  57  58  59  60   #  62  63  64  65  66  67  68  69  70  71  72  73  74  75  76  77  78  79   #  83  84  85  84  85   #  87  88  89  90  91  92  93  94  95  96  97   #  99   # 101 102 103   # 105 106 107 108 109 110 111 112 113 114 115 116
 115 114 113 112 113   # 109 108 107 106 105 104 103 102 103   #   #  98  97  96  95  94  93  94  93   #  89  88  87  86  85  84  83  82  81   #  79   #  77   #  75   #   #  72  71  70  69  68  67  66  65  64  63  62  61  60  59   #  57  56  55  54   #  52  51  50  51  52  53  54  55  56  57   #   #  60  61  62  63  64  65  66  67  68  69  70  71  72   #   #   #  76   #   #  85  84  85  84  83   #  87  86  87  88  89  90   #   #  93   #   #  96   #  98  99 100 101 102 103 104 105 106 107 108 109 110 111 112   # 114 115
 114   # 112 111   # 109 108 107 106 105   # 103 102 101   #  99  98   #  96  95  94  93  92  93   #  89  88  87  86  85  84  83  82  81  80  79  78  77  76  75  74  73  72  71  70  69  68  67  66  65  64  63  62  61  60  59  58  57  56  55  54  53  52  51  50  49  50   #  52  53  54  55  56  57  58  59  60  61  62  63  64  65  66  67  68  69  70  71  72  73  74  75  76  77   #  85  84  83  82  83   #  85  86  87  88  89  90   #  92  93  94  95  96  97  98  99 100 101 102 103 104 105 106 107 108 109 110 111 112 113 114
 113 112 111 110 109   # 107   # 105 104 103 102   # 100  99  98  97  96  95  94  93  92  91   #  89  88  87  86  85  84  83  82  81  80  79  78   #  76  75  74  73  72   #   #  69  68  67  66  65  64  63  62  61  60  59  58  57  56  55  54  53   #  51  50  49  48  49  50  51  52  53  54  55  56  57  58  59  60  61  62  63  64  65  66  67  68  69  70  71  72  73  74  75  76   #  86   #   #  81  82   #  84  85  86  87  88  89  90  91  92  93  94   #  96  97  98  99 100 101 102 103 104 105 106 107   # 109 110 111 112 113
 112 111 110 109 108 107 106 105 104 103 102 101   #  99  98  97  96  95  94  93   #  91  90  89   #  89   #  85  84  83  82  81  80   #  78  77  76  75  74  73  72  71  70  69  68  67  66  65  64  63  62  61  60  59  58  57  56  55  54  53  52  51  50   #  48  47  48  49  50  51  52  53  54  55  56  57  58  59  60  61  62  63  64  65  66  67  68  69  70  71  72  73  74  75  76   #  78  79  80  81  82  83  84  85  86  87   #  89  90  91  92  93  94  95  96  97  98  99 100 101 102 103 104   # 106 107 108 109 110   # 112
 111 110 109 108 107 106 107   # 103 102 101 100  99   #   #  96  95  94  93  92  91  90  89  88  87   #   #  84   #  82  81  80  79  78  77  76  75  74   #  72  71  70  69  68  67  66  65  64  63  62  61  60  59  58  57  56  55  54  53  52  51  50  49  48  47  46  47  48  49  50   #  52  53  54  55  56  57   #  59   #  61  62  63  64  65  66  67  68  69  70  71  72  73  74  75  76  77  78  79  80  81  82  83  84  85  86   #  88  89  90  91  92  93   #  95  96  97  98  99 100   #   # 103 104 105 106 107   # 109 110 111
 110 109 108 107 106 105   # 103   # 101 100  99  98  97  96  95   #  93  92   #  90  89   #  87  86   #  84  83  82  81  80  79  78  77  76  75  74  73  72  71  70  69  68  67  66  65  64  63  62  61  60  59  58  57   #   #  54   #  52  51  50  49   #   #  46  45  46  47  48  49  50  51  52  53   #  57  56  57  58  59  60  61  62  63  64  65  66  67  68  69   #  73  72  73  74  75  76  77   #  79  80  81  82  83  84  85  86  87  88  89  90  91   #   #  94  95  96  97  98   #   # 101 102 103 104 105 106 107 108 109 110
 109 108 107 106 105 104 103 102 101 100  99  98  97  96  95  94   #  92  91   #  89  88  87  86  85  84  83  82  81   #  79  78  77  76  75   #  73  72  71  70  69  68  67  66  65  64  63   #  61  60  59   #   #  56   #  54  53  52  51  50   #  48  47  46  45  44  45  46   #  48  49  50  51  52  53   #  55  56  57  58  59  60  61  62  63  64  65  66  67  68  69   #  71  72   #  74  75  76  77  78  79   #   #  82  83  84  85  86  87  88  89   #  91  92  93   #  95   #  99  98  99 100 101 102 103 104 105 106 107 108 109
 108   # 106 105 104 103 102 101 100  99  98  97  96  95   #  93  92   #  90   #  88   #  86  85  84  83   #  81  80  79  78   #  76  75  74  73  72  71  70  69  68  67  66  65  64  63  62  61  60  59  58  57  56  55  54  53  52  51  50  49  48   #  46  45  44  43  44  45  46  47  48   #  50  51  52  53  54  55  56  57  58  59  60   #  62  63  64  65  66  67  68  69  70  71  72  73  74  75  76  77   #  79  80  81  82   #  84  85  86   #  88  89  90  91   #  93  94  95   #  97   #  99 100 101   # 103 104 105 106 107 108
 107 106 105 104 103 102 101 100  99  98  97  96  95  94  93  92  91   #  89  88  87  86  85  84   #  82  81  80  79  78  77   #   #  74  73  72  71  70  69  68  67  66  65  64  63  62  63   #  59  58  57  56  55  54  53  52  51   #  49  48  47  46  45  44  43  42   #  44  45  46  47  48  49  50  51  52   #  54  55  56   #  58  59  60  61   #  63  64  65  66  67  68  69  70  71  72  73  74   #  76   #  78  79   #  81  82  83  84  85  86  87  88  89  90  91  92  93  94  95  96  97  98  99   # 101 102   #   # 105 106 107
 106 105 104 103 102 101 100  99   #  97  96  95  94  93  92  91  90  89  88   #  86  85  84  83  82  81  80  79  78  77  76  75  74  73  72  71  70  69  68  67  66  65  64  63  62  61   #   #  58  57   #  55  54  53  52   #  50  49  48  47  46  45  44  43  42  41  42  43  44  45  46  47  48  49  50  51  52  53  54  55  56  57  58  59  60  61  62  63  64  65  66  67  68  69  70  71  72  73  74  75  76  77  78   #  80  81  82  83  84  85   #  87  88  89  90  91  92  93  94  95  96  97   #   # 100 101   # 103 104 105 106
 105 104 103 102 101 100  99  98   #  96   #  94   #  92  91  90  89  88  87  86  85  84  83   #  81  80  79   #  77  76  75  74  73  72  71  70  69  68  67  66  65  64  63  62  61  60  59  58   #  56  55  54  53   #  51  50   #  48  47  46  45   #  43  42  41  40  41  42  43  44  45   #  47  48  49   #  53  52   #  56  55  56  57  58  59  60  61  62  63  64  65  66  67  68  69  70   #  72  73  74  75  76  77   #  79  80   #   #  83  84  85  86  87  88   #  90  91  92  93  94  95  96  97  98  99   # 101 102 103 104 105
 104 103 102 101 100  99  98  97  96  95  94  93  92  91  90   #  88  87  86  85  84  83  82  81  80  79  78  77  76  75  74  73  72  71   #  69  68  67  66  65  64  63  62  61  60  59  58  57  56  55  54  53  52  51  50  49  48  47  46  45  44  43  42  41  40  39  40  41   #  43  44   #  46  47  48  49   #  51  52   #  54  55   #  57  58  59  60  61  62  63  64  65  66  67  68  69  70  71  72  73  74  75   #  77  78  79  80  81  82  83   #  85  86  87  88  89  90  91  92  93  94  95  96   #  98  99 100 101 102 103 104
 103   # 101   #  99  98  97  96  95  94  93  92  91  90  89  88  89  88   #  84  83  82  81  80  79   #  77  76  75  74  73  72  71  70  69  68  67  66  65  64  63  62  61  60  59  58  57  56  55  54  53  52  51  50  49  48  47  46  45  44  43  42  41  40  39  38  39  40  41  42  43   #  45  46  47  48  49  50  51  52  53  54  55  56  57  58   #   #  61  62  63  64  65  66  67  68  69  70  71  72  73  74  75  76  77  78  79  80   #  82  83  84  85  86  87  88  89  90  91  92   #  96  95  96  97  98  99   # 101   # 103
 102   # 100  99  98  97  96  95  94  93  92   #  90  89  88  87  88   #  84  83  82  81  80  79  78  77  76  75  74  73   #  71  70  69  68  67  66  65  64  63  62  61  60  59  58  59   #  55  54  53  52  51  50  49  48  47  46  45   #  43  42  41  40  39  38  37   #  39  40  41  42  43  44   #  48  47  48  49  50  51  52  53  54  55  56  57  58  59  60  61  62  63  64  65  66  67  68  69   #  71  72  73   #  75  76  77  78  79  80  81  82  83  84  85  86  87  88  89  90  91  92   #  94  95  96  97  98  99 100 101 102
 101 100  99  98  97  96   #  94  93  92  91  90  89  88  87  86   #  84  83  82  81   #  79  78  77  76  75  74  73  72  71  70  69  68  67  66  65  64  63  62  61  60  59   #  57   #  55  54  53  52  51  50  49  48  47  46  45  44  43  42  41  40  39  38   #  36  37  38  39   #  41  42  43  44   #  46  47  48  49  50   #   #   #  54  55   #  57   #  59  60  61  62  63  64  65  66  67  68  69  70  71   #  73  74   #  76  77  78  79  80  81  82  83  84  85  86  87  88  89  90  91  92  93  94  95  96  97  98  99 100 101
 100  99  98   #  96  95  96  95   #  91  90  89  88  87  86  85  84  83  82  81  80  79  78  77  76  75  74  73  72  71  70  69  68  67  66  65  64  63  62  61  60   #  58  57  56  55  54   #  52   #  50  49  48  47  46  45  44  43  42  41  40   #  38  37  36  35  36  37  38  39  40  41  42  43  44  45  46  47  48   #  50  51  52  53  54  55  56  57  58  59  60  61  62  63  64  65  66  67  68  69  70  71  72  73  74  75  76  77  78  79  80  81  82   #  84  85  86  87  88  89  90   #  92  93  94  95  96   #  98   # 100
  99  98  97   #  95  94  95   #  91  90   #   #  87  86  85  84  83  82  81  80  79  78  77   #  75  74  73  72  71  70  69  68  67  66  65  64  63  62   #  60  59  58  57  56  55  54  53  52  51  50  49  48  47  46  45  44  43  42  41   #  39  38  37  36  35  34  35  36  37   #  39   #  43  42  43  44   #  46  47  48  49   #   #  52  53  54  55  56  57  58  59  60  61  62  63  64  65  66  67  68  69   #  73  74  73  74   #  76  77  78   #  80  81  82  83  84  85  86  87  88  89  90  91  92  93  94  95  96  97  98  99
  98  97  96  95  94  93   #  91  90  89  88  87  86  85  84  83  82   #  80  79  78  77  76  75  74  73   #  71  70  69  68  67  66  65  64  63  62  61  60  59  58  57  56  55  54  53  52  51  50  49  48  47  46  47   #   #  42  41  40  39  38  37  36  35   #  33   #  35  36  37  38  39   #  41  42  43  44  45   #  47  48  49  50  51  52  53   #  55  56  57  58  59  60  61  62  63  64  65  66  67  68  69   #  73  72  73  74  75  76  77   #  79  80  81  82  83  84  85  86  87  88  89  90  91  92  93  94  95  96  97  98
  97  96  95  94  93  92  91   #  89  88  87  86  85  84  83  82  81  80   #   #  77  76   #  74   #  72  71  70  69  68  67  66  65  64  63  62  61  60  59  58  57  56  55  54  53  52  51  50  49  48  47   #  45   #  43  42  41  40  39  38  37  36   #  34   #  32  33  34  35  36  37  38  39  40  41  42   #  44  45  46  47  48  49  50  51  52  53  54   #  56  57  58  59   #  61  62  63  64  65  66  67  68  69   #  71  72  73  74  75  76  77  78  79  80  81  82  83  84  85  86  87  88   #  90   #  92  93  94  95  96  97
  96  95  94  93  92  91  90  89  88  87  86  85  84  83  82  81  80  79  78  77   #  75  74  73  72  71  70  69  68  67  66  65  64  63  62  61  60  59  58  57  56   #  54  53  52  51  50  49  48  47  46   #  44  43  42   #  40  39  38  37  36  35   #  33  32  31  32  33  34  35   #  37  38  39  40  41  42  43   #   #  46  47  48  49  50  51  52  53  54  55  56  57  58  59  60  61  62  63  64  65  66  67  68  69  70  71  72  73  74  75  76  77  78  79  80  81  82  83  84  85  86  87  88  89  90  91  92  93  94  95  96
  95  94  93  92  91  90  89  88  87  86   #  84  83  82  81  80  79  78  77  76  75  74  73   #  71  70  69  68  67  66  65  64  63  62   #  60  59  58  57  56  55  54  53   #  51  50  49  48  47  46  45  44  43  42  41   #  39  38  37  36  35  34  33  32  31  30  31  32  33  34  35  36  37  38  39  40  41  42   #  44  45  46  47  48  49  50  51  52  53  54  55  56  57  58  59  60  61  62  63  64  65  66  67  68  69   #   #  74   #  74  75   #  77  78  79  80  81  82  83  84  85   #  87  88  89   #  93  92  93  94  95
  94  93  92  91  90  91   #  87  86  85  84  83   #  81  80  79  78  77  76  75  74  73  72  71  70  69  68  67  66  65  64  63  62  61   #  59   #   #  56  55  54  53  52  51  50  49  48   #  46  45  44   #  42  41  40  39  38  37  36  35  34  33  32  31   #  29   #  31  32  33  34  35  36  37  38  39  40  41   #  43  44  45   #  49   #  49  50  51  52  53  54  55  56  57  58  59  60   #  62  63  64  65  66  67  68  69  70   #   #  73  74  75  76  77  78   #  80  81  82  83  84  85  86  87  88  89   #  91  92  93  94
  93  92  91  90  89   #  87  86  85  84  83  82  81  80  79  78   #  76  75  74  73  72   #  70  69  68  67  66  65  64  63  62  61  60  59  58  57   #  55  54  53  52  51  50  49   #  47  46   #   #  43  42  41  40  39  38  37  36  35  34  33   #  31  30  29  28  29  30  31  32  33  34  35  36  37   #  39  40   #  42  43  44  45   #  47  48  49   #  51  52  53  54  55  56  57  58  59  60  61  62  63  64  65  66  67  68  69  70  71  72  73   #   #  76  77  78  79  80  81  82  83  84  85  86   #   #  89  90  91   #  93
  92   #  90  89  88  87  86  85  84  83  82  81   #  79  78  77   #  75  74  73  72  71  70  69  68  67  66  65  64  63  62  61  60  59  58  57  56   #  54  53  52   #  50  49  48  47  46  45   #  43  42   #  40  39  38  37  36  35  34  33  32  31  30  29  28  27  28  29  30   #  32  33  34  35  36  37  38  39   #  41  42  43  44  45  46  47  48  49  50   #  52  53  54   #  58  59  58   #  60  61   #  63  64  65  66  67  68  69  70  71   #  73  74  75  76  77  78  79  80  81   #  85  86  87  86   #  88  89  90  91  92
  91  90  89  88  89  88   #  84  83  82  81  80  81   #  77  76  75  74  73  72  71  70  69  68  67  66  65  64  63  62  61  60  59  58  59   #  55  54  53  52  51  50  49   #  47  46  45  44  43   #  41  40  39  38  37  36  35  34  33  32  31  30  29  28  27  26  27  28  29  30  31  32  33  34  35   #   #  38  39  40  41  42  43  44  45  46  47  48  49   #  51   #  53  54   #   #  57  58  59  60  61  62  63  64  65  66  67  68  69  70  71  72  73   #  75  76  77   #  79  80  81   #   #   #  85  86  87  88  89  90  91
  90  89  88  87  88  89  90   #  82  81  80  79  80  79  78   #  74  73  72  71  70  69  68  67  66  65  64  63  62  61  60  59  58  57  58   #  54  53  52  51  50  49  48  47  46  45   #  43  42  41   #  39  38  37  36  35   #  33  32  31  30  29  28  27  26  25  26  27  28  29  30  31  32  33  34  35  36  37  38   #  40  41  42  43  44  45   #   #  48  49  50  51  52   #  54  55  56  57  58  59  60  61  62  63  64  65  66  67  68  69  70   #  72  73  74  75  76  77  78  79  80  81  82  83  84   #  86  87  88  89  90
  89  88  87  86  87  88   #  82  81  80  79  78   #  78  77   #  73  72  71  70  69  68  67  66  65  64  63  62  61  60  59  58  57  56   #  54  53  52  51  50  49  48  47  46  45  44  43  42  41  40  39  38  37  36  35  34  33  32  31  30  29  28  27   #  25  24  25  26   #  28   #  30  31   #  33  34   #   #  37  38  39  40  41  42  43  44  45  46  47  48  49  50  51  52  53  54  55  56  57  58  59  60  61  62  63  64  65  66  67  68  69  70  71  72  73  74  75  76  77  78  79  80  81  82  83  84  85  86  87  88  89
  88  87  86  85  86   #  82  81   #  79  78  77  78   #  76  77   #  71   #  69  68  67  66  65  64  63  62  61  60  59  58  57  56  55   #  53  52  51  50  49  48   #  46  45  44  43  42  41  40  39  38  37  36  35  34   #  32  31   #  29  28  27  26  25  24  23  24  25  26  27   #  29  30  31  32  33   #  35  36  37  38   #  40  41   #  43  44  45  46  47  48   #  50   #  52  53  54  55  56  57  58  59  60  61  62  63  64  65  66  67  68  69  70  71  72   #   #  75   #  77  78  79  80  81  82  83  84  85  86  87  88
  87  86  85  84   #  82  81  80  79  78  77  76   #  74  75   #  71  70  69  68  67  66  65  64  63   #  61  60  59  58  57  56  55  54   #  52  51  50  49   #  47   #  45  44  43  42  41  40  39  38  37  36  35  34  33  32  31  30  29  28   #   #  25  24  23  22  23  24   #  26  27  28  29  30  31  32  33  34  35   #  37  38  39  40  41  42  43  44  45  46  47  48  49  50  51  52  53  54  55  56  57  58  59  60   #  64  63  64  65  66  67  68  69  70  71  72  73  74   #  76  77  78  79  80   #  82  83  84  85  86  87
  86   #  84  83  82  81  80   #  78  77  76  75  74  73   #  71  70  69  68  67  66  65  64  63  62  61  60  59  58  57  56  55  54  53  52  51  50  49  48   #  46  45   #  43  42  41  40  39  38  37  36  35  34  33  32  31  30  29  28  27  26  25  24  23  22  21  22  23  24  25  26  27  28   #  30  31  32  33  34  35  36  37  38  39   #  41  42  43  44  45  46  47   #  49  50  51  52  53  54  55   #   #  60  59  60   #  62  63  64  65  66  67  68  69  70  71  72   #  74  75  76  77  78  79  80  81  82  83  84  85  86
  85  84  83  82  81  80  79  78  77  76  75  74  73  72  71  70  69  68  67  66  65  64  63  62  63  62  61   #  57  56  55  54  53  52  51  50  49   #  47  46  45  44   #   #  41  40  39  38  37   #  35   #  33  32  31  30   #  28  27  26   #   #   #  22  21  20   #   #   #   #   #   #  29  28  29   #  31   #  33  34  35  36  37  38   #  40  41  42  43  44  45  46  47  48  49  50  51  52  53  54   #  60  59  58  59  60  61  62  63  64  65  66  67  68  69  70  71  72  73  74  75  76  77  78  79  80  81   #   #  86  85
  84  83   #  81  80  79  78  77  76   #  74  73  72  71  70  69  68  67  66  65  64  63  62  61  62  63   #  57   #  55  54  53  52  51  50   #  48   #  46  45  44  43  42  41  40  39  38  37  36  35  34   #  32  31   #  29  28  27  26  25  24   #  22  21  20  19   #  21  22   #  24  25   #  27  28   #  30  31  32  33  34  35  36  37  38  39  40  41  42  43  44  45  46  47  48  49  50  51  52  53  54   #   #  57  58  59  60  61  62  63  64  65  66  67  68  69  70  71  72  73  74  75  76  77  78  79  80  81   #  85  84
  83  82  81   #  79  78  77  76  75  74  73  72   #  70  69  68  67  66  65  64  63  62   #  60   #   #  57  56  55  54  53  52  51  50  49  48  47  46  45  44  43  42  41  40  39  38  37  36  35  34  33  32  31  30  29  28   #   #  25   #  23  22  21  20   #  18  19  20  21  22  23  24   #  26  27  28  29  30  31  32   #  34  35  36  37  38  39  40  41  42  43  44  45  46  47  48  49  50  51  52  53  54  55  56   #  58   #  60   #  62  63  64  65  66  67  68  69  70  71  72  73  74  75  76   #  78  79  80  81   #  83
  82  81  80  79  78  77  76   #  74  73   #  71  70  69  68  67  66  65  64  63  62  61  60  59  58  57  56  55  54  53  52  51  50  49   #  47  46  45  44  43  42  41  40  39  38  37  36  35  34   #  32  31  30  29  28  27  26  25  24  23  22  21  20  19  18  17  18  19  20  21  22  23  24  25  26  27   #  31   #  31  32  33  34  35   #  37  38  39  40  41   #  43  44  45  46  47  48  49  50  51  52  53  54   #  58  57  58  59  60  61  62  63  64  65  66  67  68  69   #  71  72   #  74   #  76  77  78  79  80   #  82
  81  80   #  78  77  76  75  74  73  72  71  70  69  68  67  66  65  64  63  62  61  60  59  58  57  56  55  54   #   #  51  50  49  48  47  46  45  44  43  42  41  40  39  38  37  36  35  34  33  32  31  30   #  28  27  26  25  24  23  22  21  20   #  18   #  16   #  18   #  20  21  22  23  24  25  26  27   #  29  30  31  32  33  34  35  36  37  38  39  40  41  42  43  44  45   #  49  48  49  50  51   #  53  54   #  56   #  58  59  60  61  62  63  64  65  66  67  68  69  70  71  72  73  74  75  76  77  78  79  80  81
  80  79  78  77  76  75  74  73  72  71  70  69  68  67  66  65  64  63   #  61  60  59  58  59  58  57   #  53  52  51  50  49  48  47  46  45  44  43  42  41  40  39  38  37   #  35   #  33  32  31  30  29  28  27  26  25  24  23  22  21  20  19  18  17  16  15   #  17  18  19  20  21  22  23   #  25   #  27  28  29  30  31  32  33  34  35  36  37   #  39  40  41  42  43  44   #   #  47  48  49  50  51  52  53  54  55  56  57  58  59  60  61  62  63  64  65  66  67  68  69  70  71  72  73   #  75  76  77  78  79  80
  79  78  77  76  75  74  73  72  71  70  69  68  67  66  65  64  63  62  61  60  59  58  57   #  59   #  53  52  51  50  49   #   #  46  45  44   #  44   #  40  39  38  37  36   #  34  33  32   #  30  29  28   #  26   #   #  23  22  21   #  19  18  17  16  15  14  15  16  17  18  19  20  21   #  23  24  25  26  27  28  29  30  31  32  33  34  35  36  37  38  39  40  41  42  43   #   #  46   #   #  51  50  51  52  53  54  55  56  57  58  59  60  61  62  63  64  65  66  67  68  69  70  71  72  73  74  75  76  77  78  79
  78  77   #  75  74  73  72  71  70  69  68  67  66  65  64  63  62  61   #  59  58  57  56  55   #  53  52  51  50  49  48   #  46  45  44  43  42   #   #   #  38  37  36  35  34  33  32  31  30  29  28  27  26  25  24  23  22  21  20  19  18  17  16   #  14  13  14  15  16  17  18  19  20  21  22  23   #  27  26  27  28  29  30  31  32  33  34  35  36  37   #  39   #  41  42  43  44  45   #  47   #  49   #  51  52  53  54  55  56  57  58  59  60  61  62  63  64  65  66  67  68  69  70  71  72  73  74  75  76  77  78
  77  76  75  74  73  72  71   #  69  68  67  66  65  64  63  62  61  60  59  58  57  56  55  54  53  52  51   #  49  48  47  46  45  44   #  42  41  42   #  38  37  36  35  34  33  32  31  30  29  28  27  26  25  24  23  22  21  20  19   #  17   #  15  14  13  12  13  14  15  16  17  18  19  20  21  22  23   #  25  26  27  28  29  30  31  32  33  34  35  36  37  38  39  40  41  42  43  44  45  46  47  48  49  50   #  52  53   #  55  56  57  58  59  60  61  62  63  64  65  66  67  68  69  70   #  72  73   #  75  76  77
  76  75  74  73  72  71  70  69  68  67  66  65  64  63  62  61  60  59  58  57  56  55  54  53  52  51  50   #  48  47  46  45  44  43  42  41  40  41   #   #  36  35   #  33  32  31  30  29  28  27  26  27  26   #  22  21  20  19  18  17  16  15  14  13  12  11  12  13  14  15  16  17  18  19  20  21  22  23  24  25  26  27  28  29  30  31   #  33  34   #   #  37  38   #  42  43  42  43  44  45  46   #   #  49  50  51  52   #  54  55  56  57   #  59  60  61  62  63  64  65  66  67  68  69   #  71  72  73  74  75  76
  75  74  73   #   #  70  69  68  67  66  65  64  63  62  61  60  59  58   #  56  55  56   #   #  51  50  49  48  47   #  45  44  43  42  41  40  39   #  37  36  35  34  33  32  31  30  29  28  27  26  25  26  27   #  21  20  19  18  17   #   #   #  13  12   #  10  11  12  13  14  15  16  17  18   #  20  21  22  23  24  25  26  27  28  29  30  31  32   #  34  35  36  37   #  43  42  41  42  43  44  45  46   #  48  49  50   #  52  53  54  55  56   #  58   #  60  61  62  63  64  65  66  67  68  69  70  71  72  73  74  75
  74   #  72  71  70  69  68  67  66  65  64  63  62  61  60  59  58  57  56  55  54   #  52  51  50   #   #  47  46  45  44  43  42  41  40  39  38  37   #  35  34  33  32  31  30  29  28  27  26  25  24   #   #  21  20  19  18  17  16  15  14  13  12  11  10   9  10  11  12  13  14  15  16  17  18  19  20   #  22  23  24  25   #  27  28  29  30   #  32  33  34  35  36   #  42  41  40  41  42  43  44  45   #  47  48  49  50  51  52   #  54  55  56  57  58  59  60  61  62  63  64  65  66  67  68  69  70  71  72   #  74
  73  72  71  70  69  68  67  66  65  64  63  62  61  60   #  60   #  56  55  54  53  52  51  50  49  48  47   #  45  44  43  42  41  40  39  38  37  36  35  34  33  32  31  30  29  28  27  26  25  24  23  22  21  20  19  18  17  16  15  14   #  12  11  10   9   8   9  10  11  12  13  14   #  16  17   #  19  20  21  22  23  24  25  26  27  28  29  30  31  32   #   #  37  36   #   #  39  40  41   #  43  44  45  46  47  48  49   #  51  52  53  54  55  56  57   #  59  60   #  62  63  64  65  66  67  68  69  70  71   #  73
  72  71  70  69  68  67  66  65  64  63  62  61  60  59  58   #  56  55  54  53  52  51  50  51   #  47  46  45  44  43  42  41  40   #  38  37  36  35  34  33  32  31  30  29  28  27  26  25   #  23  22  21  20   #  18  17  16  15  14  13  12  11  10   #   8   7   8   9  10  11  12   #  14  15  16  17  18  19  20  21  22  23   #  25  26  27  28  29  30  31   #   #   #  35  36  37  38  39  40  41  42  43  44  45  46   #  48  49  50  51  52  53   #  55   #  57  58  59   #  61  62  63  64  65  66  67  68  69   #  71  72
  71  70  69  68  67  66  65  64  63   #  61  60  59  58  57  56  55   #   #   #  51  50  49   #  47   #  45  44  43   #  41  40  39  38  37  36  35  34  33  32  31  30  29  28  27  26  25  24   #  22  21   #  19  18  17  16  15  14  15   #  11  10   9   #   #   6   7   8   #  12  11  12  13  14   #   #  17  18  19  20  21  22  23  24  25  26  27  28   #  30  31   #  33  34  35  36  37  38  39   #  41  42  43  44  45  46  47  48  49  50  51  52  53  54  55  56  57  58  59  60  61  62  63  64  65  66  67  68  69  70  71
  70  69  68  67  66  65  64  63  62  61  60  59   #  57  56  55  54  53  52   #  50  49  48  47  46  45  44  43  42  41  40  39  38  37  36  35  34  33  32  31  30  29  28   #  26  25  24  23  22  21  20  19  18  17   #  15  14  13   #  11  10   9   8   7   6   5   6   #   #   #  10  11  12  13  14  15  16   #  18  19  20  21  22  23  24  25  26  27  28  29  30  31  32  33  34  35  36  37   #  39  40  41  42  43  44   #  46  47  48  49  50  51   #  53  54  55  56   #  58  59  60  61   #  63  64  65  66  67  68  69  70
  69  68  67  66  65  64  63  62  61   #   #  58  57  56  55  54   #  52  51  50  49  48  47  46  45  44  43  42  41  40  39  38  37  36  35  34  33  32  31  30  29  28  27  26  25  24  23  22  21  20  19  18  17  16  15  14   #  12  11  10   9   8   7   6   5   4   5   6   #   8   9  10  11  12  13  14  15  16  17  18  19  20  21  22  23  24  25  26  27  28  29  30  31   #  33  34  35  36  37  38  39  40  41   #  43  44  45  46  47  48  49  50  51  52  53  54  55  56  57  58  59  60  61  62  63  64  65  66  67  68  69
  68  67  66  65  64  63  62  61  60  59   #   #  56  55  54  53  52  51  50  49  48   #  46  45  44  43  42   #  40  39  38  37  36  35  34   #  32  31  30  29  28  27  26  25  24  23  22  21  20  19  18  17  18   #   #  13  12   #  10   #   8   7   6   5   4   3   #   #   6   7   8   9  10  11  12  13  14  15  16  17  18  19  20   #  22  23  24  25   #  27  28  29   #  33  32   #  34  35   #  37  38  39   #   #  42  43   #  45   #   #  48   #  50  51  52  53  54   #  56   #  58   #  60  61  62  63  64  65  66  67  68
  67  66  65  64  63  62  61  60  59  58  57  56  55  54  53  52  51  50  49  48  47  46  45   #  43  42  41  40  39  38  37  36  35  34  33  32  31  30   #  28  27  26  25  24  23   #   #  20   #  18   #  16   #  14  13  12  11  10   9   8   7   6   5   4   3   2   3   4   5   6   7   8   #   #  11  12  13  14   #   #  17  18  19  20  21  22  23  24   #  26  27  28  29   #  31  32  33  34  35  36  37  38  39  40  41  42  43  44  45  46  47  48  49  50  51   #  53  54  55  56  57  58  59  60  61  62  63  64  65  66  67
  66  65  64  63  62  61  60  59  58  57  56  55  54  53  52  51  50  49  48  47  46  45  44  43  42  41  40  39  38  37  36  35  34  33  32  31  30  29  28  27  26  25  24  23  22  21  20  19  18  17  16  15  14  13  12  11  10   9   8   7   6   5   4   3   2   1   2   3   4   5   6   7   8   9  10  11  12  13  14  15  16  17  18  19  20  21  22  23  24  25  26  27  28  29  30  31  32  33  34  35  36  37  38  39  40  41  42  43  44  45  46  47  48  49  50  51  52  53  54  55  56  57  58  59  60  61  62  63  64  65  66
  67  66  65  64  63   #  61  60  59  58  57  56  55  54  53  52  51  50   #  48  47  46  45  44  43  42  41  40  39  38  37  36  35  34  33   #  31  30   #   #   #  26  25  24  23  22  21  20  19  18  17  16  15   #  13  12   #   #   9   8   7   6   #   4   #   2   3   4   5   6   7   #   9  10  11  12  13  14  15  16  17  18  19   #  21  22  23  24  25  26  27  28  29  30   #  32  33  34   #  36  37  38  39  40  41  42  43  44  45  46  47  48  49  50  51  52  53  54  55  56  57  58  59  60  61  62  63  64  65  66  67
  68  67  66  65  64  63  62  61  60  59  58   #  56  55  54  53  52  51  52   #  48  47  46   #  44  43  42  41  40  39  38  37  36   #  34  33  32  31   #  29  28  27  26  25  24  23  22   #  20  19   #  17  16  15  14  13  12  11  10   9   8   7   6   5   4   3   4   #   6   7   8   9  10  11  12  13  14   #  16   #  18  19  20  21  22  23  24  25  26  27  28  29  30  31  32  33  34  35  36  37  38  39   #  41  42  43  44   #  46  47  48  49   #  51  52  53  54  55  56  57  58  59   #  61   #  63  64  65  66  67  68
  69  68  67  66  65  64  63  62  61  60  59  58  57  56  55  54   #  52  53   #  49  48  47  46  45  44  43  42  41  40  39  38  37  36  35  34  33  32  31  30  29  28  27  26   #  24  23   #  21  20  19  18  17  16  15  14  13  12  11  10   9   8   7   6   #   4   5   6   7   8   9   #  11  12   #  14  15  16  17  18  19  20   #  22  23  24  25  26  27  28  29  30  31  32   #   #  35  36  37   #  39  40  41  42  43  44  45  46  47  48  49  50  51  52  53   #  55  56  57  58  59  60  61  62  63  64  65  66  67  68  69
  70  69  68  67  66  65  64  63  62  61  60  59   #  57  56  55  56   #  52  51  50   #  48  47  46  45  44   #  42   #   #  39  38  37  36  35  34  33  32  31  30  29  28  27   #  25   #  23  22  21  20  19  18  17  16  15  14  13  12  11  10   #   8   #   6   5   6   #   8   9  10  11  12  13  14  15   #  17  18  19  20  21  22  23  24  25  26  27   #  29  30   #  32  33  34   #   #  37  38  39  40  41  42  43  44  45  46  47  48  49  50  51  52  53  54  55  56  57  58  59  60  61   #  63  64  65  66  67  68  69  70
  71   #  69  68  67  66  65  64  63  62  61   #   #  58   #  56  57   #  53  52  51   #  49  48  47  46  45   #  43   #  41  40  39  38   #   #  35   #  33   #  31  30  29  28  29   #  25  24  23  22  21  20  19  18  17  16  15  14  13  12  11  10   9   #   7   6   7   #   9  10  11  12  13  14  15  16  17  18  19  20  21  22  23  24  25  26  27  28  29  30  31  32  33   #  35  36  37  38  39  40  41  42  43  44  45  46   #  48   #  50   #  52  53  54  55   #  57  58  59  60  61  62  63  64  65  66  67  68  69  70  71
  72   #  70  69  68  67  66  65  64  63  62  63  62   #  60   #  56  55  54  53  52  51  50  49  48  47   #  45  44  43  42  41  40  39  38  37  36  35  34  33  32  31  30  29  28  27  26  25  24   #  22  21  20   #  18  17  16  15  14  13   #   #  10   9   8   7   8   9  10  11  12  13  14  15   #  17  18  19  20  21  22  23  24  25  26  27  28  29  30  31  32  33  34  35  36   #  38  39  40  41  42  43   #   #  46  47  48  49  50  51  52   #  54  55  56  57  58  59  60  61   #  63  64  65  66  67  68  69  70  71  72
  73  74   #  70  69  68  67  66  65  64  63  62  61  60  59  58  57  56  55  54  53  52  51  50  49   #  49   #  45  44  43  42  41  40  39  38  37  36  35  34  33   #  31  30   #  28  27  26  25  24  23  22  21  20  19  18  17  16  15  14  13  12  11  10   9   8   9  10  11  12   #  14  15  16  17  18  19  20  21   #   #  24   #  26   #  28  29  30   #  32  33   #  35   #  37  38  39  40  41  42  43  44  45  46  47  48  49  50  51  52  53  54  55   #  57  58  59  60  61  62  63  64  65  66  67  68  69  70  71  72  73
  74  73  72  71  70  69  68  67  66  65  64  63  62  61  60  59  58  57  56  55  54  53  52  51  50  49  48  47  46  45  44  43  42  41  40  39  38  37  36  35  34   #  32   #  30  29  28   #  26   #  24  23  22  21  20  19  18  17  16  15  14  13   #  11  10   9  10  11  12  13  14  15  16  17  18  19   #  21  22  23  24  25  26  27  28  29  30  31   #  33   #  37  36   #  38   #  40   #  42  43  44  45  46  47  48   #  50   #  52  53  54  55  56   #  58  59   #  61  62  63  64  65  66  67  68  69  70  71  72  73  74
  75  74  73  72   #  70  69  68  67  66  65  64  63  62  61  60  59  58  57  56  55  54  53  52  51  50  49  48  47   #  45  44  43  42  41  40  39  38   #  36  35  36   #  32  31  30  29  28  27  26  25  24  23  22   #  20  19   #  17  16  15  14  13  12  11  10  11  12  13  14  15  16  17  18  19  20   #   #  23   #  25   #  27  28  29  30  31  32  33  34  35  36  37   #  39  40  41  42   #  44   #  46  47  48  49  50  51   #  53  54  55  56  57  58  59  60  61  62  63  64  65  66  67  68  69  70  71   #  73   #  75
  76  75  74  73  72  71   #  69  68  67  66  65  64  63  62  61  60   #  58  57  56  55  54  53  52   #   #  49  48  47  46   #  44  43  42  41  40  39  38  37  36  37   #  33  32  31  30  29   #  27  26  25  24  23  22  21  20  19  18  17  16  15   #  13   #  11  12  13  14  15  16   #  18  19  20  21  22  23  24  25  26  27   #  29  30  31  32   #  34  35  36  37  38  39  40  41  42  43  44   #  48  47  48  49  50  51  52   #  54  55  56  57  58  59  60   #  62  63  64  65  66  67  68  69  70  71  72   #  74  75  76
  77  76  75   #  73  72  71  70  69  68  67  66  65  64  63  62   #  60  59  58  57  56  55  54  53   #  51  50   #  48  47  46  45  44  43  42  41  40  39  38   #  36  35  34  33  32  31  30  31   #  27  26   #   #   #  22  21  20  19  18   #  16  17   #  13  12  13  14  15  16  17  18  19  20   #  22  23  24  25  26  27  28  29  30  31  32   #  36  35  36  37  38  39  40  41  42   #  44  45  46  47  48  49  50  51  52   #  56  55  56   #   #  59   #   #   #  63  64  65  66  67  68  69  70  71  72  73  74   #   #  77
  78  77  76  75  74  73  72   #  70  69  68  67  66  65  64  63   #  61  60  59  58   #  56   #  54   #  52  51  50  49  48  47  46  45  44   #  42  41   #  39  38  37  36  35  34  33  32  31  30  29  28  27  28  27   #  23  22   #  20  19  18  17  16  15  14  13   #  15  16  17  18  19  20  21   #  23  24  25  26  27  28  29  30  31  32  33  34  35  36  37  38  39   #  41  42  43  44  45  46  47   #  49  50  51   #  53  54  55  56  57  58  59  60   #  64  65  64  65  66  67  68  69  70  71  72  73  74  75   #  79  78
  79  78  77  76  75  74  73  72  71  70  69  68  67  66  65  64  63  62  61  60  59  58  57   #  55  54  53  52  51  50  49  48  47  46  45  46   #  42  41  40  39  38   #  36  35  34  33  32  31   #  29  28  27  26  25  24  23  22  21  20  19  18   #  16  15  14  15   #  17  18  19  20  21   #  25   #  25  26   #  28  29  30  31  32  33  34  35  36  37   #  39  40  41  42  43  44  45   #  47  48  49   #  51  52  53  54  55  56  57  58   #  60  61  62  63  64  65  66  67  68  69   #  71  72  73  74  75  76  77  78  79
  80  79  78   #  76  75  74  73  72  71  70  69  68  67  66  65  64  63   #  61  60  59  58  57  56  55  54  53  52  51  50  49  48  47  46  45  44  43   #  41  40  39  38  37   #  35  34  33  32  31  30  29  28  27   #  25  24  23  22   #  20  19  18  17  16  15  16  17  18   #  20  21  22  23  24  25  26   #   #   #  30  31  32  33  34  35  36  37  38  39  40  41  42   #   #  45  46  47  48  49  50  51  52   #  54  55  56  57   #  59  60  61   #  63  64  65  66  67  68  69  70  71  72  73  74  75  76  77  78  79  80
  81  80  79  78  77  76  75  74  73  72   #  70  69  68  67  66  65  64  63  62  61   #  59  58  57  56  55  54   #  52  51  50  49  48  47  46  45  44  43  42  41  40   #  38  37  36  35  34  33  32  31  30  29  28  27  26  25  24  23  22  21  20  19   #  17  16   #  18  19  20  21  22  23  24   #  26   #  32   #  32  31  32  33   #   #  36  37  38   #  40   #  42  43  44  45  46  47  48  49  50  51  52  53  54  55  56  57  58  59  60  61  62  63  64  65  66  67  68  69  70  71  72  73   #  75  76  77  78  79  80  81
  82  81   #  79  78  77  76  75  74  73  72  71  70  69  68  67  66  65  64  63  62  61  60  59  58  57  56  55  54  53   #  51  50  49  48  47  46  45  44  43  42  41  40  39  38  37  36  35  34  33  32  31  30  29  28  27  26  25  24  23  22  21  20  19  18  17  18  19  20  21   #  23  24  25  26   #  30  31  32  33  32  33  34  35  36  37   #  39  40  41  42  43  44  45  46  47  48  49  50  51  52  53  54  55  56  57  58   #  60  61  62  63  64  65  66  67  68  69  70  71  72  73  74  75   #  77  78  79  80   #  82
  83  82  81  80  79  78  77  76  75  74  73  72  71  70  69  68  67  66  65  64  63  62   #  60   #  58  57  56  55  54  53  52  51  50  49  48  47  46  45  44   #  42  41  40  39  38  37  36   #  34  33  32  31  30  29  28  27  26   #  24  23  22  21   #   #  18  19  20  21  22  23  24  25  26  27  28  29  30  31  32  33  34   #  36  37  38  39  40  41   #  43  44  45  46  47  48  49  50  51  52   #  54  55  56  57  58  59  60  61  62  63  64  65  66  67  68  69  70  71  72  73   #   #  76  77  78  79  80  81   #  83
  84  83  82  81  80  79  78  77  76   #  74  73  72   #  70  69  68  67  66  65  64  63  62  61  60  59   #  57  56  55  54  53  52  51  50  49  48  47  46  45  44  43   #   #  40  39  38  37  38   #  34  33  32  31  30  29   #  27  28   #  24  23  22  21  20  19  20  21   #  23  24  25  26  27   #  29  30  31   #  33  34  35  36  37  38  39  40  41  42  43  44   #  46  47  48  49  50  51  52  53  54  55  56  57  58  59  60  61  62  63  64  65  66  67  68  69  70  71  72  73  74  75  76  77  78  79  80  81   #  85  84
  85  84  83  82  81  80   #   #  77  78   #  74   #  72  71  70  69  68  67  66  65  64  63  62   #  60  61   #  57  56  55  54  53  52  51  50  49  48  47   #   #   #  43  42  41  40  39   #  37  36  35  34  33  32  31  30  29  28  27  26  25  24  23  22  21  20  21  22  23  24  25  26   #   #  31  30  31  32  33  34  35  36  37  38  39  40  41  42  43  44  45  46  47  48  49   #  51  52  53  54  55  56  57  58   #  60  61  62  63  64  65  66  67  68  69  70  71  72  73  74  75  76  77  78  79  80  81  82  83  84  85
  86  85  84  83  82  81  80  79  78  77  76  75   #  73  72  71  70  69  68  67  66  65  64  63  62  61  62  61   #  57  56  55  54   #  52  51   #  49  48  47  46  45  44  43  42  41  40  39  38  37  36   #  34  33  32  31  30  29  28  27  26  25  24  23  22  21  22  23  24   #  26  27  28  29  30  31   #  33   #  35  36   #  38  39  40  41  42  43  44  45  46  47   #  49  50  51  52  53  54  55  56  57  58  59  60  61  62  63  64  65  66  67  68  69  70  71  72  73  74  75  76  77  78  79  80  81  82   #  84  85  86
  87  86  85  84  83  82  81  80  79  78  77  76  77   #  73   #   #  70  69  68  67  66  65  64  63  62  61  60  59  58  57  56  55  54  53  52  51  50  49  48  47  46  45  44  43  42  41  40  39  38  37  38   #  34  33  32  31  30  29  28  27  26   #   #  23  22  23   #  25  26  27  28  29  30  31  32  33  34  35  36  37  38  39  40  41  42  43  44  45  46  47  48  49  50  51  52  53  54  55  56  57  58  59  60  61   #  63  64  65  66  67  68  69  70  71  72  73  74  75  76  77  78  79   #  81   #  83  84  85   #  87
  88   #  86  85  84  83  82  81  80  79  78  77  76  75  74  73  72  71  70  69  68  67  66  65  64  63  62  61  60   #  58  57  56  55  54  53  52  51  50  49  48  47   #  45  44  43  42  41  40  39  38  37  36  35  34   #  32   #   #   #   #  27  26  25  24  23  24  25  26  27  28  29  30  31  32  33  34  35  36  37  38  39  40  41  42  43  44   #  46   #  48  49  50   #  52   #  54  55  56  57  58   #  60  61  62  63  64  65  66  67  68  69  70   #  72  73  74  75  76  77  78  79  80  81  82  83  84  85  86  87  88
  89  88  87  86  85   #  83  82  81  80  79  78  77  76  75  74  73   #  71   #  69  68  67  66  65  64  63  62  61  60  59  58  57  56  55  54  53   #  51  50  49  48   #  46  45  44  43   #  41  40  39  38   #   #  35   #  33  34  35  36  37   #  27  26  25  24  25   #  27  28  29   #  31  32  33  34  35  36  37  38  39  40  41  42   #   #  45  46  47   #  49   #  51  52  53  54  55  56  57  58  59  60  61  62  63  64  65  66  67  68  69  70   #  76   #  74   #  76  77   #  79  80   #  82  83   #  85  86  87  88  89
  90  89  88  87  86  85  84  83   #  81   #  79  78   #  76  75   #  73  72  71  70  69  68  67  66  65  64  63   #  61  60  59  58  57  56  55  54  55   #  51  50   #  48  47  46  45  44   #  42   #   #  39   #  37  36  35  34  35  36  35  36   #  28  27  26  25  26  27  28  29  30  31  32  33  34  35  36  37  38  39  40  41  42  43   #  47  46  47  48  49  50  51  52   #  54  55  56  57  58   #   #  61  62  63  64  65  66  67  68  69  70  71   #  75  76  75  76  77  78   #  80  81  82  83  84  85  86  87  88  89  90
  91  90  89  88  87  86  85  84  83  82  81  80   #  78  77   #  75  74  73  72  71  70  69  68  67  66  65  64  63  62  61  60   #  58  57  56  55  56  55   #  51   #  49   #  47  46  45  44  43  42  41  40  39  38  37  36   #  36  35  34   #  30  29  28  27  26  27  28  29  30  31  32   #  34  35  36  37   #  39  40   #  42  43  44  45  46  47  48  49  50  51  52  53  54  55  56  57  58  59  60  61  62  63  64  65  66  67  68  69  70  71  72  73  74  75  76  77  78  79  80  81  82  83  84  85  86  87   #  89   #  91
  92  91  90  89  88  87   #  85  84  83   #  81  80  79  78  77  76  75  74  73  72  71  70  69  68  67  66  65  64  63  62  61  60  59  58  57  56  55  54  53  52  51  50  49  48  47  46  45  44  43  42  41  40  39  38  37  36  35  34  33  32  31  30  29  28  27  28  29  30  31  32   #  36  35  36   #  38  39  40  41  42  43  44  45  46  47  48  49  50  51  52  53   #  55   #   #  58  59  60  61  62  63  64  65  66  67  68  69   #  71  72  73  74  75   #  77  78  79  80   #  82  83  84  85  86  87  88   #  90  91  92
  93  92   #  90  89  88  87  86  85  84  83  82  81   #  79  78  77   #  75  74  73  72  71  70  69  68  67  66  65  64  63  62  61  60  59  58  57  56  55   #  53  52  51  50  49  48  47  46  45  44  43  42   #  40  39  38  37  36  35  34  33   #  31  30  29  28  29  30  31   #  33   #   #  36  37  38  39   #  41  42  43   #  45  46  47  48  49  50  51  52  53  54  55  56  57   #  59  60  61  62  63  64  65  66  67  68  69  70  71  72  73  74  75  76  77  78  79  80  81  82   #   #  85  86  87  88  89  90   #  92  93
  94  93   #  91  90  89  88   #  86   #  84  83  82  81  80  79  78  77  76  75  74  73  72  71  70  69  68  67  66  65  64  63  62  61  60  59   #  57   #  55  54  53  52  51  50   #  48  47  46  45  44  43  44   #  40  39  38  37  36  35  34  33  32  31   #  29  30  31  32  33  34   #  38  37  38  39  40  41  42  43  44  45   #  47  48  49  50  51  52   #  54  55  56  57  58   #  60  61  62  63  64  65  66  67  68  69  70  71  72  73  74   #  76   #   #  79  80  81  82  83   #  87  86  87   #  89  90  91  92  93  94
  95  94  93  92  91  90  89  88  87  86  85  84  83  82  81  80  79   #  77  76  75  74  73  72   #   #  69  68  67  66  65  64  63  62   #  60  59  58  57  56  55  54  53  52  51  50  49  48  47  46  45  44  43  42  41   #  39  38   #  36  35  34  33  32  31  30   #  32  33  34  35  36  37  38  39   #  41  42  43  44  45  46  47   #  49   #  51  52  53  54  55  56  57  58  59  60  61  62  63  64  65  66  67  68  69  70  71   #  73  74  75  76  77  78  79  80  81  82  83  84  85  86  87  88  89  90  91   #  93  94  95
  96  95  94  93   #   #   #   #  88  87  86  85  84  83  82  81  80  79  78  77  76  75   #   #  72  71  70  69  68  67  66  65  64  63  64   #  60  59  58  57  56  55  54  53  52   #  50  49  48  47   #  45  44  43  42  41  40   #  38  37  36  35  34  33  32  31  32  33  34  35  36  37  38  39  40  41  42  43  44   #  46   #  48  49  50   #  52  53  54  55  56   #  58   #  60  61  62  63  64  65  66  67  68  69  70  71  72  73  74   #  76   #  78  79  80  81  82  83  84  85  86  87  88  89  90  91  92  93  94  95  96
  97  96  95  94  95  94   #  90  89  88  87  86   #  84  83  82  81  80  79  78  77  76  75  74  73  72  71  70  69  68  67  66  65  64  63  62  61  60  59  58  57  56   #  54  53  52  51  50  49  48  47  46   #  44  43   #  41  42   #  38  37  36  35  34   #  32   #  34  35  36  37  38  39  40  41  42  43  44  45   #   #  50  49  50  51  52  53   #   #  56  57   #  59  60  61  62  63  64  65  66  67  68  69  70   #  72  73   #  75  76  77  78   #  80  81  82  83  84  85   #  87  88  89   #  91  92  93   #   #   #  97
  98   #  96  95  94  93  92  91  90  89   #  87  86  85  84  83  82  81  80  79  78  77  76   #  74  73  72   #  70  69  68  67  66  65  64  63  62  61  60  59  58  57   #  55  54  53  52  51  50  49  48  47  46  45  44  43  42   #   #  39  38  37  36   #  34  33  34  35  36  37   #  39  40  41   #  43   #  45   #  49  50  51  50  51  52  53  54  55   #  57  58   #  60   #  62  63  64  65  66  67  68  69   #  71  72  73  74  75  76  77  78  79  80  81   #  83  84  85   #   #  88  89  90  91   #  93  94  95  96  97  98
  99  98  97  96  95  94  93   #  91  90  89  88  87  86   #  84  83   #  81  80  79  78  77   #  75  74  73  72  71  70  69  68  67  66  65  64  63  62  61  60  59  58  57  56  55   #  53  52  51  50   #  48  47   #  45  44  43  42  41  40  39  38  37  36  35  34  35  36   #  38  39  40  41  42  43  44  45  46  47  48  49  50  51  52   #  54  55  56  57  58  59  60  61  62  63  64  65  66  67  68  69  70  71  72  73   #  75  76  77  78   #  80  81  82   #   #  85  86   #  90  89  90  91  92  93  94   #  96   #   #  99
 100  99  98  97  96  95  94  95   #  91  90  89  88  87  86  85  84  85   #  81  80  79  78   #   #   #  74  73  72   #  70  69  68  67  66  65  64  63  62  61  60   #  58  57  56  55  54  53  52  51  50  49   #  47  46  45  44  43  42  41  40  39  38   #  36  35  36  37   #  39  40  41  42   #  44  45  46  47  48  49  50  51  52  53  54   #  56  57  58  59  60  61   #  63  64  65  66  67  68  69  70  71  72  73   #  77  76  77   #  79  80  81  82  83  84  85  86  87  88   #  90  91  92  93  94  95  96   # 102 101 100
 101 100  99  98   #  96  95  94  93  92  91  90  89  88  87  86   #  84  83  82  81  80  79  80   #  76  75  74   #   #  71  70  69  68  67  66  65  64  63   #  61  60  59   #  57  56  55   #  53  52  51   #  49  48  47  46  45  44   #  42  41  40  39  38  37  36  37  38  39  40  41  42  43   #  45  46  47  48  49  50  51  52  53  54  55  56  57  58  59  60  61  62  63  64  65  66  67  68  69  70  71  72  73  74  75  76  77  78  79  80  81  82   #  84  85  86  87  88  89  90   #   #  93  94  95  96   #   # 103 102 101
 102 101 100  99 100   #   #  95  94   #  92  91  90  89  88  87  86  85  84  83   #  81  80   #  78  77  76   #  74  73  72  71  70  69  68  67  66  65  64  63  62  61  60  59  58   #   #  55  54  53  52  51  50  49  48  47  46  45  44  43  42  41  40  39  38  37  38  39  40  41  42  43   #  47  46   #  48  49  50  51  52  53  54  55  56  57  58  59  60  61  62  63  64  65  66  67  68  69  70  71  72  73  74  75   #  77  78  79  80  81  82   #  86   #  86  87  88  89  90  91  92  93  94  95  96  97  98  99   # 103 102
 103   # 101   # 101   #   #  96  95  94  93  92  91  90  89  88  87  86  85  84  83  82   #  80  79  78  77  76  75  74  73  72   #  70  69  68  67  66  65  64  63  62  61  60  59  58  57  56  55  54  53  52  51  50  49  48  47  46  45  44  43  42  41  40   #  38  39   #  41  42  43  44   #   #  47   #  49  50  51  52  53  54   #  56  57  58   #  60  61   #  63  64  65  66  67  68  69  70  71  72  73  74  75   #  79  78  79  80  81  82  83  84  85  86  87  88  89  90  91  92   #  94  95  96  97  98  99 100 101 102 103
 104 103 102 101 100  99  98  97  96  95  94  93  92  91  90  89  88  87  86  85  84   #  82  81  80  79   #  77  76  75  74  73   #  71  70  69  68  67  66  65  64  63  62  61  60   #  58  57   #  55   #  53  52  51  50  49   #  47  46  45  44  43  42  41  40  39  40  41   #  43  44  45  46  47  48   #  50  51  52  53  54  55  56  57  58  59  60  61  62  63  64  65  66  67  68  69  70  71  72  73  74  75   #  81  80  79  80  81  82  83  84  85  86  87  88  89  90  91  92   #   #   #  96  97  98   # 100 101 102 103 104
 105   # 103 102 101 100  99  98  97   #  95  94   #  92  91  90  89  88  87  86  85  84  83  82  81  80  79  78  77  76  75  74  73  72   #   #  69  68  67  66  65  64  63  62  61  62   #  58  57  56  55  54  53  52  51  50  49  48  47  46  45  44  43  42  41  40  41  42  43  44  45  46  47  48  49  50   #   #  53  54  55  56  57  58   #  60  61  62  63  64  65  66  67  68  69  70  71  72  73  74  75  76   #  80  81  80  81  82  83  84  85  86  87  88  89  90  91  92   #  98  99  98  97  98   # 102   #   # 103 104 105
 106 107   # 103 102 101 100  99  98  97  96  95  94  93  92  91  90   #  88  87  86   #  84   #  82  81  80  79  78  77  76  75  74  73  72  71  70  69  68  67  66  65  64  63  62  61  60  59   #  57  56   #  54  53  52  51  50  49  48  47  46  45  44  43  42  41  42  43  44  45   #   #  48  49  50  51  52  53  54   #  56  57  58  59  60  61  62  63  64  65  66  67  68  69   #   #  72   #  74  75  76  77  78  79  80  81  82  83  84  85  86  87  88  89  90  91   #   #  96  97  98  99  98  99 100 101 102 103 104 105 106
 107 106 105 104 103 102 101 100  99  98  97  96   #  94  93  92  91  90  89  88  87  86  85   #  83  82  81  80  79  78  77  76  75  74  73  72  71  70  69  68  67  66  65  64  63  62  61  60  59  58  57  56  55  54  53  52  51  50  49  48  47  46  45  44  43  42  43  44  45  46  47  48  49   #  51  52  53  54  55  56   #  58  59   #  61   #  63  64  65  66  67  68  69  70  71   #  73  74  75   #  77  78  79  80  81  82  83  84  85  86  87  88  89  90  91  92  93  94  95  96   # 100  99 100 101   # 103 104 105 106 107
 108 107 106 105 104 103 102   # 100  99  98  97  96  95  94  93  92  91  90  89  88  87  86  85  84   #  82  81  80  79  78  77  76  75  74  73  72  71  70  69  68  67  66  65  64  63  62   #  60  59  58  57  56   #  54  53   #   #  50  49  48  47  46  45  44  43  44  45  46  47  48  49  50  51  52  53  54  55   #  57  58  59  60  61  62  63  64  65  66  67  68  69  70  71  72  73  74  75  76  77  78  79  80  81   #  83  84  85  86  87  88  89  90   #  92  93  94   #  96  97  98  99   # 101   #   # 104 105 106 107 108
 109   # 107 106 105 104 103 102 101 100  99  98  97  96  95  94   #   #   #  90  89  88  87  86   #  84  83  82  81  80  79  78  77  76   #  74  73  72  71  70  69  68  67  66  65  64  63  62  61  60  59  58  57  58   #  54  53  52  51   #  49  48  47  46  45  44  45  46  47  48  49  50   #  52  53   #  55  56  57  58  59  60  61  62  63  64  65  66  67  68  69  70  71   #  73  74  75  76  77  78   #   #  81  82  83  84   #   #  87   #  89   #  91  92  93  94  95  96  97  98  99   # 103 102 103 104 105 106 107 108 109
 110 109 108 107 106 105 104 103 102 101 100  99  98  97  96  95  96  97   #  91   #  89  88  87  86  85  84  83  82  81  80  79  78  77  76  75  74  73  72  71  70  69  68  67  66  65  64  63  62  61  60  59  58  59   #  55  54  53  52  51  50  49   #   #  46  45   #  47  48   #  50   #  54  53   #  57   #  57   #  59  60  61  62  63  64  65  66  67  68  69  70  71  72  73  74  75  76  77  78  79  80  81  82  83   #  85  86  87   #  91  90  91  92  93  94  95  96  97  98   # 100 101 102   # 104 105 106 107 108 109 110
 111 110 109 108 107 106 105   #   # 102 101 100   #  98  97  96   #   #  93  92  93   #  89  88  87  86  85  84  83  82  81  80  79  78  77  76  75  74  73  72  71  70  69  68  67  66  65  64  63  62  61  60  59  58  57  56  55  54  53  52  51  50  49  48  47  46  47   #  49  50  51   #  55  54  55  56  57  58  59  60  61  62  63  64  65  66  67  68  69  70  71  72  73  74  75  76  77   #  79  80  81  82  83  84  85  86  87  88   #   #  91  92  93  94  95   #   #   #  99 100 101   # 103 104 105 106 107   # 109 110 111
 112 111 110 109 108 107 106   # 104 103 102 101 100  99  98  97   #  95  94   #  92  91  90   #  88  87  86  85   #  83  82  81  80  79  78  77  76  75  74   #  72   #  70  69  68  67  66  65  64  63   #  61  60  59  58  57  56  55  54   #  52  51  50  49  48  47   #  51  50   #  52  53  54  55  56  57  58  59  60  61  62  63  64  65  66  67  68  69  70   #  72  73  74  75  76  77  78  79   #  81   #  83  84  85  86   #   #  89   #  93  92  93  94  95  96   #   #   # 100 101 102 103 104 105 106 107 108   # 110 111 112
 113 112   # 110 109 108 107   # 105 104 103 102 101 100  99  98  97  96   # 100   #  92  91   #  89  88  87  86  85  84  83  82  81  80  79   #  77  76  75  74  73  72  71  70  69  68  67  66  65  64  63  62  61  60  59  58  57   #  55  56   #  52  51  50   #  48   #  52  51  52   #  54  55   #  57  58   #  60  61  62  63  64  65  66  67  68  69  70  71  72  73   #  75  76  77  78  79  80   #  82  83   #  85  86  87  88  89  90  91   #  93  94   #   #  97  98   # 102 101 102 103 104 105 106 107 108 109 110 111 112 113
 114 113 112 111 110 109 108 107 106 105   # 103 102 101 100  99  98  97  98  99   #  93  92  93   #   #  88  87  86  85  84  83  82  81  80  81   #  77  76  75   #  73  72  71  70  69  68  67  66  65  64  63  62  61  60  59  58  57  56  55  54  53  52  51  50  49  50   #  52  53  54  55  56  57  58  59  60  61  62  63  64  65  66  67  68  69  70  71  72  73  74  75  76   #  78  79  80  81  82  83  84  85  86  87  88  89  90  91  92  93  94   # 100  99  98  99 100   # 102 103 104 105 106   # 108 109 110 111 112   # 114
 115 114 113 112 111 110 109 108 107 106 105 104   # 102 101 100  99  98  99   #  95  94   #  92  91  90  89  88  87  86  85  84  83  82  81  80  79  78   #  76  75  74  73  72   #  70  69  68  67  66  65  64  63  62  61  60  59  58  57  56  55  54  53   #  51  50  51  52  53  54  55   #  57  58  59  60  61  62  63  64  65  66  67  68  69  70  71  72  73  74  75  76   #  80  79  80   #  82  83  84  85   #  87  88  89   #  91  92  93  94  95  96   # 100  99 100 101 102 103 104 105   # 107 108 109   # 111 112 113 114 115
 116   #   # 113 112 111 110 109 108 107 106 105 104 103 102 101 100  99  98  97  96  95  94  93  92  91  90   #  88  87  86  85   #   #  82   #  80  79  78  77  76  75  74  73  72  71  70  69  68  67  66  65  64  63  62  61   #  59  58  57  56  55   #  53  52  51  52  53  54  55  56  57  58  59   #  61  62  63  64  65  66  67  68  69  70  71   #  73  74  75   #  77  78  79  80  81  82  83  84   #  86  87  88   #  90  91  92  93  94  95  96  97  98  99   # 101 102   # 104 105 106 107 108 109   # 113 112 113 114 115 116
 117 118 117   # 113 112 111 110 109 108 107 106 105 104 103 102 101 100  99  98  97  96  95  94   #  92  91  90  89  88  87  86  85  84  83  82  81  80  79  78   #  76  75  74  73  72  71  70  69  68  67  66  65  64  63  62  61  60  59  58  57  56  55  54  53  52  53  54  55  56  57  58   #  60  61  62  63  64  65  66  67  68  69  70  71  72  73  74  75  76  77  78  79  80  81  82  83  84  85  86  87  88  89  90  91  92  93  94  95   #  97  98  99 100   # 102   # 106 105 106 107 108 109 110 111 112 113   # 115 116 117
 118 117 116 115 114 113 112 111 110 109 108 107 106 105 104 103 102 101 100  99  98  97   #  95  94  93  92  91  90  89  88  87  86  85  84  83   #   #  80  79  78  77   #  75  74  73  72  71  70  69  68  67  66  65  64  63   #  61  60  59  58   #  56  55   #  53   #  55  56  57  58  59  60  61   #  63  64  65  66  67  68  69  70  71  72  73  74   #   #  77  78  79  80  81  82  83  84  85  86  87  88   #  90   #  92   #   #  95  96  97  98  99 100 101 102 103   # 107 106 107 108 109 110   # 112 113 114   # 116 117 118
 119 118   # 116 115   # 113 112 111 110 109 108 107 106 105 104   # 102   #   #  99  98  97  96  95  94  93  92  91   #  89  88  87  86  85  84   #   #  81  80  79   #  77  76  75  74  73  72  71  70  69  68  67  66  65  64  63  62  61  60  59  58  57  56   #  54  55  56  57  58  59  60  61  62  63  64  65  66  67  68  69  70  71  72   #  74  75  76  77  78  79  80  81  82  83  84  85  86  87  88  89  90   #  94  93  94  95  96  97  98  99 100 101 102 103 104 105 106 107 108 109   #   # 114 113 114 115 116 117 118 119
 120 119 118 117 116 115 114 113 112   # 110 109 108 107 106 105 104 103 102 101 100  99   #   #  96   #  94  93  92  93   #  89  88  87  86  85  86   #  82  81  80  81   #   #  76   #  74   #  72  71  70  69  68  67  66  65  64  63   #  61  60  59  58  57  56  55   #  57  58  59   #  61  62  63  64  65  66  67  68  69  70  71  72  73   #  75  76  77  78  79  80  81  82  83  84  85  86  87  88  89  90  91  92  93  94  95  96  97  98   # 100 101 102 103 104 105 106 107 108 109   # 117 116 115 114 115 116 117 118 119 120
 121 120 119 118 117   # 115 114   # 112 111 110 109 108 107 106 105 104 103 102 101   #  99  98  97  96  95  94  93  92  91  90  89  88  87  86   #  84  83   #  81  80  79  78  77  76  75  74  73  72  71  70  69  68  67  66  65  64  63  62  61  60  59  58  57  56  57  58  59  60   #  62  63  64  65  66  67  68  69  70  71  72  73  74  75  76  77   #  79  80  81  82  83   #  85  86  87  88  89  90  91  92  93  94  95  96  97  98  99 100 101 102 103 104 105 106 107 108 109 110 111   # 115   # 115   # 117 118 119 120 121
 122 121 120 119 118 117 116 115   # 113 112   # 110   #   # 107 106 105   # 103 102   # 100  99   #   #  96   #  94  93  92  91   #  89  88  87  86  85  84  83  82  81  80   #   #  77  76  75  74  73  72  71  70  69  68  67  66  65  64  63  62  61   #   #  58  57   #  59  60  61  62  63  64  65  66  67  68  69  70  71  72  73   #  75   #  77  78  79  80   #  82  83  84  85  86  87  88  89  90  91   #  93  94  95  96  97  98  99 100 101   #   # 104 105   #   # 108 109 110 111 112 113 114 115 116 117 118 119 120 121 122
 123 122 121 120 119 118 117 116 115 114   # 112 111 110 109 108 107 106 105 104 103   # 101 100 101 100   #  96  95   #  93  92  91  90  89  88  87  86  85  84  83  82  81   #  79  78  77  76  75  74  73  72  71  70  69  68  67  66  65  64  63   #  61  60  59  58  59   #  61  62  63  64  65  66  67  68  69  70  71  72  73  74   #  76  77  78  79  80  81  82  83  84  85  86   #   #  89  90  91  92  93  94   #   #  97  98  99 100 101 102 103 104 105 106 107 108 109 110 111 112 113 114 115 116 117 118 119 120 121 122 123
 124   # 122 121 120 119   #   # 116 115 116   # 112 111 110 109 108 107 106 105 104 103 102   # 100  99  98  97  96  95  94  93  92  91  90  89  88  87  86  85  84   #   #  81  80  79  78  77  76  75  74  73  72  71  70  69  68  67  66  65  64  63  62  61  60  59  60  61  62  63  64  65  66  67  68  69  70  71  72   #  74  75   #  77  78  79  80  81  82  83  84  85  86  87  88  89  90  91  92  93  94  95  96  97  98  99 100 101 102   # 104 105 106 107 108 109 110 111 112 113 114   # 116 117 118 119 120 121 122 123 124
 125 124 123 122 121 120 119 118 117 116 115 114 113 112 111 110 109 108 107 106 105 104 103 102 101 100  99  98  97   #  95  94  93  92  91  90  89  88  87  86  85  86   #  82  81   #  79  78  77  76  75  74   #  72  71  70  69  68  67  66  65  64  63  62  61  60  61  62  63  64  65  66  67  68  69  70  71  72  73  74   #   #  79  78  79  80  81  82  83  84  85  86  87  88  89  90   #  92   #  94  95  96   #  98  99 100 101 102 103 104 105 106 107 108 109   # 111 112 113 114 115 116 117   #   # 120   # 122 123 124 125
 126 125 124 123   # 121 120 119 118 117 116 115 114 113 112 111   # 109 108   #   # 105 104 103 102   #   #  99   #  97  96  95  94  93  92   #   #  89  88  87  86  87   #   #  82  81  80  79  78  77  76  75   #  73  72   #   #  69  68  67  66  65  64  63  62  61  62  63  64  65  66  67  68  69   #  71  72  73  74  75  76  77  78  79  80  81  82  83  84  85  86  87  88  89  90  91  92  93  94  95   #  97  98  99 100 101 102 103   #   # 106   # 108   # 110 111 112   # 114 115 116   # 118 119 120 121 122 123 124 125 126
 127 126 125 124 123 122 121 120 119 118   # 116 115 114   # 112 111 110 109 108 107 106 105 104 103 104 103   #  99  98  97  96   #  94  93  94  95   #  89  88   #   #  85  84  83  82  81   #  79  78  77  76  75  74  73  74  75   #  69  68  67  66  65  64  63  62  63  64  65  66  67  68  69  70  71  72  73  74  75  76  77  78   #  80  81  82  83  84  85  86  87  88  89  90  91  92  93   #  95  96  97  98  99 100 101 102 103 104 105 106 107 108 109 110 111 112 113 114 115 116 117   # 119 120 121 122 123   # 125 126 127
 128 127   # 125 124 123 122 121   # 119 118 117 116   # 114 113 112   # 110 109   #   # 106   # 104 103 102 101 100  99  98  97  96  95   #  95   #  91  90  89  90  89   #  85  84  83  82  81  80  79  78  77  76  75  74  75  76  77   #  69  68  67  66  65  64  63  64  65  66  67  68  69  70   #  72   #   #  75  76   #  78  79  80   #  82  83  84  85  86  87  88  89  90  91   #  93  94  95  96  97   #  99   # 101 102 103 104 105 106 107 108 109   #   # 112   #   # 115 116 117 118 119   # 121 122 123 124 125 126   # 128
 129 128 127 126 125 124   # 122 121 120 119   # 117 116 115 114 113 112 111 110 111   # 107 106 105 104 103 102 101 100  99  98  97  96   #  94  93  92  91  90  89  88  87  86  85  84  83  82  81  80  79  78  77  76  75  76   #   #  71  70  69  68  67  66  65  64  65  66  67  68  69  70  71  72   #  76  77   #  77  78  79  80  81  82  83  84  85  86  87  88  89   #  91  92  93  94  95  96  97  98  99 100 101 102 103 104   # 106 107 108 109   # 115 114 113 114 115 116 117 118 119 120 121 122 123   # 125 126 127 128 129
 130 129 128 127 126 125 126   # 122 121 120 119 118 117 116 115 114 113 112   # 110 109 108 107 106 105   # 103 102 101 100  99  98  97  98   #  94  93  92  91  90  89  88  87  86  85  84  83  82   #  80  79  78   #  76  75  74  73  72  71   #  69  68  67  66  65  66  67  68  69  70  71  72  73  74  75  76   #  78   #  80   #  82  83  84  85  86  87  88  89   #  93  92  93  94  95   #  97   #  99   # 101 102 103 104   # 108   #   #   #   #   #   # 115 114 115 116 117 118   # 120 121 122 123 124 125 126 127 128 129 130
 131 130 129 128 127 126 125 124 123 122 121 120 119 118 117 116 115 114 113 112 111 110 109 108 107 106 105 104 103 102 101 100  99  98  97  96  95  94  93  92  91  90  89  88  87  86  85  84  83  82  81  80  79  78  77  76  75  74  73  72  71  70  69  68  67  66  67  68  69  70  71  72  73  74  75  76  77  78  79  80  81  82  83  84  85  86  87  88  89  90  91  92  93  94  95  96  97  98  99 100 101 102 103 104 105 106 107 108 109 110 111 112 113 114 115 116 117 118 119 120 121 122 123 124 125 126 127 128 129 130 131
0
Time spent: 0,273000 sec
