Step: 0 Size: 0 QSize: 1
 131 132 133 134 135 136 137 138 139 140 141 142 143 144 145 146 147 148 149 150 151 152 153 154 155 156 157 158 159 160 161 162 163 164 165 166 167 168 169 170 171 172 173 174 175 176 177 178 179 180 181 182 183 184 185 186 187 188 189 190 191 192 193 194 195 196 197 198 199 200 201 202 203 204 205 206 207 208 209 210 211 212 213 214 215 216 217 218 219 220 221 222 223 224 225 226 227 228 229 230 231 232 233 234 235 236 237 238 239 240 241 242 243 244 245 246 247 248 249 250 251 252 253 254 255 256 257 258 259 260 261
 130 131 132 133 134 135 136 137 138 139 140 141 142 143 144 145 146 147 148   # 150 151 152 153 154   # 156 157 158 159 160   # 162   # 166 167 166 167 168 169 170 171 172 173 174 175 176   # 178   # 182 181 182 183 184 185   # 187 188 189 190 191 192 193 194 195 196 197 198 199 200 201 202 203 204 205 206 207 208 209   # 211 212 213 214 215 216   # 218 219 220 221 222 223 224   # 226 227 228 229 230 231   # 233 234 235   # 237 238 239   # 241   #   # 244 245 246 247 248 249 250 251 252 253   #   # 256 257 258 259 260
 129 130 131 132 133 134   # 136 137 138 139 140 141   # 143 144 145 146 147   # 149 150 151 152   # 154 155 156 157 158 159 160 161   # 165 166 165 166 167 168 169 170 171 172 173 174 175 176 177   # 181 180 181 182 183 184 185 186 187 188 189 190 191 192 193 194 195 196 197 198 199 200 201 202 203 204   # 206 207 208 209 210 211 212 213 214 215 216 217 218 219 220 221   # 223 224 225 226 227 228 229 230 231 232 233   # 235 236 237   # 239 240 241 242 243 244   # 246 247 248 249 250   # 252   #   # 255   # 257 258 259
 128 129   # 131 132 133 134 135 136 137 138 139   # 141 142 143 144 145 146   # 148 149 150 151 152 153 154 155   #   # 158 159   #   # 164   # 164 165 166 167 168 169 170 171 172 173 174 175   # 177   # 179   # 183   # 183 184 185 186 187 188 189 190 191 192 193 194 195 196 197 198 199 200 201   #   # 204 205 206 207   # 209 210 211 212 213 214   # 216   # 218 219 220 221 222 223 224 225 226 227 228 229   # 231 232 233 234 235 236 237 238 239 240 241   # 245 244 245 246 247 248 249 250 251 252 253 254 255 256 257 258
 127   # 129 130 131 132 133 134 135 136 137 138 139 140 141 142 143   # 145 146 147 148   #   #   # 152   # 156 157 156 157   # 165 164 163 162 163 164 165 166 167 168 169   # 171 172 173 174 175 176 177 178   #   # 181 182 183 184 185 186 187 188 189 190 191 192 193 194 195 196 197 198 199 200 201 202 203 204 205 206 207 208 209 210   # 212 213 214 215 216 217 218 219 220 221 222 223 224 225 226   #   # 229 230 231 232 233 234 235 236 237 238 239 240 241   # 243 244 245 246   # 250 249 250 251 252 253 254 255 256 257
 126 127 128 129 130 131 132 133 134 135 136 137   # 139 140 141 142 143 144 145 146 147 148 149 150 151   #   # 156 155   #   #   # 163 162 161 162 163   # 165 166 167 168 169 170 171 172 173 174   # 176 177 178   # 180 181 182 183 184 185 186 187 188 189 190 191 192 193 194 195 196 197 198 199   #   #   # 205 204 205   # 209 210 209 210 211 212 213   # 215 216 217 218 219 220 221 222 223 224 225   # 227 228 229 230 231 232 233   #   # 236   # 238 239 240 241 242 243 244 245 246   # 248 249 250 251 252 253 254 255 256
 125 126 127 128 129 130 131 132 133 134 135 136 137 138 139 140 141   # 143 144 145 146 147 148 149 150 151 152   # 154 155   # 165 164   # 160 161 162 163 164   #   # 167 168   # 170 171 172 173 174 175 176 177   # 179 180 181 182 183 184 185 186 187 188   # 190 191 192 193 194 195 196 197 198 199 200 201   # 203 204 205   #   # 208   # 210 211 212 213 214 215 216 217 218 219 220 221 222 223   # 225 226 227 228 229   # 231 232 233 234 235 236 237 238 239   # 241 242 243 244   # 246 247   # 249 250 251 252 253 254 255
 124 125 126   # 128 129 130 131 132 133 134   # 136 137 138 139 140 141 142 143 144 145   # 147 148   # 150 151 152 153 154 155   #   #   # 159 160 161 162 163 164 165 166 167 168 169 170   # 172 173 174   # 176   # 178 179 180 181 182 183 184 185 186 187 188 189 190 191 192 193 194 195 196 197 198 199   # 201 202 203 204 205   # 207 208 209 210 211 212 213 214   #   #   # 218   # 220 221 222 223 224 225 226 227 228 229 230 231 232   # 234 235   # 239 238 239 240   # 244 245 244 245 246 247 248 249 250 251   # 255 254
 123 124 125 126 127 128 129 130 131 132 133 134 135 136 137 138 139   # 141 142 143   # 145 146 147 148 149 150 151 152 153 154 155 156 157 158 159 160 161 162 163 164 165 166 167 168 169 170 171 172 173 174 175 176 177 178 179 180 181 182 183 184 185 186 187 188 189 190 191 192 193 194 195 196 197 198 199 200   # 202   # 206 205 206 207 208 209 210 211 212 213 214 215 216 217 218 219 220 221   #   # 224 225 226   # 228   # 230   # 232 233 234 235   # 237 238 239   #   # 244 243 244 245 246 247 248 249 250 251   # 253
 122 123 124 125   # 129 130 129 130 131 132 133 134 135 136   # 138 139 140   #   # 143 144 145   # 147 148 149 150 151 152 153 154 155 156 157   # 159 160 161 162 163 164 165 166 167 168 169   # 171 172 173 174 175 176 177 178 179 180 181 182 183 184 185 186 187 188 189 190 191 192 193 194 195 196 197 198 199 200 201 202   # 204 205   # 207 208 209 210 211 212 213 214 215 216 217 218 219   # 221   # 223 224 225 226 227 228 229 230 231 232 233   # 235 236 237 238   # 242 243 242 243 244 245 246 247   # 249 250 251 252
 121 122 123 124 125   # 129 128 129 130   #   # 135 134 135   # 137 138 139 140 141 142 143 144   # 146 147 148 149 150 151   # 153   # 155 156 157 158 159 160 161 162 163 164 165 166 167 168   # 170 171 172 173 174 175 176 177 178 179   # 181 182 183 184 185 186   # 188 189 190 191 192 193 194 195 196 197 198 199 200 201   # 203 204 205 206 207 208 209   # 213 214 215 216 215 216 217 218 219 220 221 222 223 224 225 226 227 228 229   # 233 234 233 234 235 236 237   # 241 242 241   #   # 244 245   # 247 248 249   # 251
 120 121 122 123 124 125   # 127 128 129   # 131   # 133 134 135 136   # 138 139 140 141 142 143 144 145 146 147 148 149 150 151 152   # 154 155 156 157 158 159 160 161 162 163 164 165   # 167 168 169 170 171 172 173 174 175 176 177 178 179 180 181 182 183 184 185 186 187   # 189 190 191 192 193 194 195 196 197 198 199 200 201 202 203 204   # 206 207 208   #   #   # 216   # 214 215 216   # 218 219 220 221 222 223 224 225 226 227   # 229   #   # 232 233 234   # 238 239 240 241 240 241 242 243 244 245 246 247 248 249 250
 119 120 121 122 123   #   # 126 127   # 131 130 131 132 133 134 135 136 137 138 139 140   # 144 143   # 145 146 147 148 149 150 151 152 153   # 155 156   # 158 159 160 161   # 163 164 165 166 167 168 169 170 171 172 173 174 175 176 177   # 179 180 181 182 183 184 185 186 187 188 189 190 191 192 193 194 195 196 197 198 199 200 201 202 203 204 205 206 207 208   # 210   # 212 213 214 215 216 217 218 219 220 221 222 223 224 225 226 227 228 229 230 231 232 233 234   # 240 241 240 239 240 241 242 243 244 245 246 247   # 249
 118 119 120 121 122 123 124 125 126   #   # 129 130 131 132 133   # 135 136 137 138 139   # 143 142 143 144 145 146 147 148 149   # 153 152 153 154 155   # 157 158 159 160   # 162 163 164 165 166 167 168 169 170 171 172 173 174 175 176   # 178   #   # 183   # 183 184 185 186 187 188 189 190 191 192 193 194 195 196 197 198 199 200 201 202   # 204 205 206 207 208 209 210 211 212 213 214 215 216 217 218 219 220 221 222 223 224 225 226 227   # 229 230   # 232 233   # 241 240 239 238 239 240 241 242 243 244 245   # 247 248
 117 118 119 120 121 122   # 124   #   # 127 128 129 130 131 132 133 134 135 136 137 138 139   # 141 142 143 144 145 146   # 148   #   # 151 152 153 154 155 156 157 158 159 160 161 162 163 164 165 166 167 168 169 170 171 172 173 174 175 176 177 178 179   # 181 182 183 184 185 186   # 188 189   # 191 192 193 194 195 196 197 198 199 200   # 202 203 204 205   # 207   # 209 210 211 212 213 214 215   # 219 218 219   # 221   # 223 224 225   # 227 228 229 230 231 232 233   # 241   # 237 238 239 240 241 242 243 244   # 246 247
 116 117 118 119 120 121 122 123 124 125 126 127 128 129 130 131 132 133 134   # 136 137 138 139 140 141 142 143 144 145   # 147 148 149 150 151 152 153 154 155 156 157   # 159 160 161 162 163 164 165 166 167 168 169 170 171 172 173 174 175   # 177 178 179 180 181 182   # 184 185 186 187 188 189 190   # 192 193 194 195 196 197 198 199 200 201 202 203 204 205 206 207 208 209   # 213 214 215 214 215   # 217 218 219 220 221 222 223 224 225 226 227   # 229   # 231 232 233   # 235 236 237 238 239 240 241 242 243 244 245 246
 115 116 117 118 119   # 121 122 123 124 125 126 127 128 129   #   # 134 133 134 135 136 137 138 139   # 143 142 143 144 145 146 147 148 149   # 151   # 153   # 155   #   # 158 159 160 161 162 163 164 165 166 167 168 169 170 171   # 173 174 175 176   # 178 179 180 181 182 183 184 185 186 187   #   # 190 191 192 193 194 195 196 197 198 199 200 201 202   #   #   # 206   #   # 215 214 215 214 213   # 217 216 217 218 219 220   #   # 223   #   # 226   # 228 229 230 231 232 233 234 235 236 237 238 239 240 241 242   # 244 245
 114   # 116 117   # 121 120 121 122 123   # 125 126 127   # 129 130   # 132 133 134 135 136 137   # 143 142 141 142 143 144 145 146 147 148 149 150 151 152 153 154 155 156 157 158 159 160 161 162 163 164 165 166 167 168 169 170 171 172 173 174 175 176 177 178 179 180   # 182 183 184 185 186 187 188 189 190 191 192 193 194 195 196 197 198 199 200 201 202 203 204 205 206 207   # 215 214 213 212 213   # 215 216 217 218 219 220   # 222 223 224 225 226 227 228 229 230 231 232 233 234 235 236 237 238 239 240 241 242 243 244
 113 114 115 116 117   # 119   # 121 122 123 124   # 128 129 128 129 130 131 132 133 134 135   # 143 142 141 140 141 142 143 144 145 146 147 148   # 150 151 152 153 154   #   # 157 158 159 160 161 162 163 164 165 166 167 168 169 170 171 172 173   # 175 176 177 178 179 180 181 182 183 184 185 186 187 188 189 190 191 192 193 194 195 196 197 198 199 200 201 202 203 204 205 206   # 216   #   # 211 212   # 214 215 216 217 218 219 220 221 222 223 224   # 226 227 228 229 230 231 232 233 234 235 236 237   # 239 240 241 242 243
 112 113 114 115 116 117 118 119 120 121 122 123   # 129 128 127 128 129 130 131   # 133 134 135   # 143   # 139 140 141 142 143 144   # 146 147 148 149 150 151 152 153 154 155 156 157 158 159 160 161 162 163 164 165 166 167 168 169 170 171 172 173 174   # 176 177 178 179 180 181 182 183 184 185 186 187 188 189 190 191 192 193 194 195 196 197 198 199 200 201 202 203 204 205 206   # 208 209 210 211 212 213 214 215 216 217   # 219 220 221 222 223 224 225 226 227 228 229 230 231 232 233 234   # 236 237 238 239 240   # 242
 111 112 113 114 115 116 117   # 121 120 121 122 123   #   # 126 127 128 129 130 131 132 133 134 135   #   # 138   # 140 141 142 143 144 145 146 147 148   # 150 151 152 153 154 155 156 157 158 159 160 161 162 163 164 165 166 167 168 169 170 171 172 173 174 175 176 177 178 179 180   # 182 183 184 185 186 187   # 189   # 191 192 193 194 195 196 197 198 199 200 201 202 203 204 205 206 207 208 209 210 211 212 213 214 215 216   # 218 219 220 221 222 223   # 225 226 227 228 229 230   #   # 233 234 235 236 237   # 239 240 241
 110 111 112 113 114 115   # 117   # 119 120 121 122 123 124 125   # 129 128   # 130 131   # 133 134   # 136 137 138 139 140 141 142 143 144 145 146 147 148 149 150 151 152 153 154 155 156 157 158 159 160 161 162 163   #   # 166   # 168 169 170 171   #   # 174 175 176 177 178 179 180 181 182 183   # 187 186 187 188 189 190 191 192 193 194 195 196 197 198 199   # 203 202 203 204 205 206 207   # 209 210 211 212 213 214 215 216 217 218 219 220 221   #   # 224 225 226 227 228   #   # 231 232 233 234 235 236 237 238 239 240
 109 110 111 112 113 114 115 116 117 118 119 120 121 122 123 124   # 128 127   # 129 130 131 132 133 134 135 136 137   # 139 140 141 142 143   # 145 146 147 148 149 150 151 152 153 154 155   # 157 158 159   #   # 162   # 164 165 166 167 168   # 172 171 172 173 174 175 176   # 178 179 180 181 182 183   # 185 186 187 188 189 190 191 192 193 194 195 196 197 198 199   # 201 202   # 204 205 206 207 208 209   #   # 212 213 214 215 216 217 218 219   # 221 222 223   # 225   # 229 228 229 230 231 232 233 234 235 236 237 238 239
 108   # 110 111 112 113 114 115 116 117 118 119 120 121   # 123 124   # 126   # 128   # 130 131 132 133   # 135 136 137 138   # 142 141 142 143 144 145 146 147 148 149 150 151 152 153 154 155 156 157 158 159 160 161 162 163 164 165 166 167 168   # 170 171 172 173 174 175 176 177 178   # 180 181 182 183 184 185 186 187 188 189 190   # 192 193 194 195 196 197 198 199 200 201 202 203 204 205 206 207   # 209 210 211 212   # 214 215 216   # 218 219 220 221   # 223 224 225   # 227   # 229 230 231   # 233 234 235 236 237 238
 107 108 109 110 111 112 113 114 115 116 117 118 119 120 121 122 123   # 125 126 127 128 129 130   # 132 133 134 135 136 137   #   # 140 141 142 143 144 145 146 147 148 149 150 151 152 153   # 157 156 157 158 159 160 161 162 163   # 165 166 167 168 169 170 171 172   # 174 175 176 177 178 179 180 181 182   # 184 185 186   # 188 189 190 191   # 193 194 195 196 197 198 199 200 201 202 203 204   # 206   # 208 209   # 211 212 213 214 215 216 217 218 219 220 221 222 223 224 225 226 227 228 229   # 231 232   #   # 235 236 237
 106 107 108 109 110 111 112 113   # 115 116 117 118 119 120 121 122 123 124   # 126 127 128 129 130 131 132 133 134 135 136 137 138 139 140 141 142 143 144 145 146 147 148 149 150 151   #   # 156 155   # 157 158 159 160   # 164 163 164 165 166 167 168 169 170 171 172 173 174 175 176 177 178 179 180 181 182 183 184 185 186 187 188 189 190 191 192 193 194 195 196 197 198 199 200 201 202 203 204 205 206 207 208   # 210 211 212 213 214 215   # 217 218 219 220 221 222 223 224 225 226 227   #   # 230 231   # 233 234 235 236
 105 106 107 108 109 110 111 112   # 114   # 116   # 118 119 120 121 122 123 124 125 126 127   # 129 130 131   # 133 134 135 136 137 138 139 140 141 142 143 144 145 146 147 148 149 150 151 152   # 154 155 156 157   # 159 160   # 162 163 164 165   # 167 168 169 170 171 172 173 174 175   # 177 178 179   # 183 182   # 186 185 186 187 188 189 190 191 192 193 194 195 196 197 198 199 200   # 202 203 204 205 206 207   # 209 210   #   # 213 214 215 216 217 218   # 220 221 222 223 224 225 226 227 228 229   # 231 232 233 234 235
 104 105 106 107 108 109 110 111 112 113 114 115 116 117 118   # 120 121 122 123 124 125 126 127 128 129 130 131 132 133 134 135 136 137   # 139 140 141 142 143 144 145 146 147 148 149 150 151 152 153 154 155 156 157 158 159 160 161 162 163 164 165 166 167 168 169 170 171   # 173 174   # 176 177 178 179   # 181 182   # 184 185   # 187 188 189 190 191 192 193 194 195 196 197 198 199 200 201 202 203 204 205   # 207 208 209 210 211 212 213   # 215 216 217 218 219 220 221 222 223 224 225 226   # 228 229 230 231 232 233 234
 103   # 105   # 107 108 109 110 111 112 113 114 115 116 117 118 119 120   # 122 123 124 125 126 127   # 129 130 131 132 133 134 135 136 137 138 139 140 141 142 143 144 145 146 147 148 149 150 151 152 153 154 155 156 157 158 159 160 161 162 163 164 165 166 167 168 169 170 171 172 173   # 175 176 177 178 179 180 181 182 183 184 185 186 187 188   #   # 191 192 193 194 195 196 197 198 199 200 201 202 203 204 205 206 207 208 209 210   # 212 213 214 215 216 217 218 219 220 221 222   # 226 225 226 227 228 229   # 231   # 233
 102   # 104 105 106 107 108 109 110 111 112   # 114 115 116 117 118   # 120 121 122 123 124 125 126 127 128 129 130 131   # 133 134 135 136 137 138 139 140 141 142 143 144 145 146 147   # 149 150 151 152 153 154 155 156 157 158 159   # 161 162 163 164 165 166 167   # 169 170 171 172 173 174   # 178 177 178 179 180 181 182 183 184 185 186 187 188 189 190 191 192 193 194 195 196 197 198 199   # 201 202 203   # 205 206 207 208 209 210 211 212 213 214 215 216 217 218 219 220 221 222   # 224 225 226 227 228 229 230 231 232
 101 102 103 104 105 106   # 108 109 110 111 112 113 114 115 116   # 118 119 120 121   # 123 124 125 126 127 128 129 130 131 132 133 134 135 136 137 138 139 140 141 142 143   # 145   # 147 148 149 150 151 152 153 154 155 156 157 158 159 160 161 162 163 164   # 166 167 168 169   # 171 172 173 174   # 176 177 178 179 180   #   #   # 184 185   # 187   # 189 190 191 192 193 194 195 196 197 198 199 200 201   # 203 204   # 206 207 208 209 210 211 212 213 214 215 216 217 218 219 220 221 222 223 224 225 226 227 228 229 230 231
 100 101 102   # 104 105 106 107   # 109 110 111 112 113 114 115 116 117 118 119 120 121 122 123 124 125 126 127 128 129 130 131 132 133 134 135 136 137 138 139 140   # 142 143 144 145 146   # 148   # 150 151 152 153 154 155 156 157 158 159 160   # 162 163 164 165 166 167 168 169 170 171 172 173 174 175 176 177 178   # 180 181 182 183 184 185 186 187 188 189 190 191 192 193 194 195 196 197 198 199 200 201 202 203 204 205 206 207 208 209 210 211 212   # 214 215 216 217 218 219 220   # 222 223 224 225 226   # 228   # 230
  99 100 101   # 103 104 105   # 107 108   #   # 111 112 113 114 115 116 117 118 119 120 121   # 123 124 125 126 127 128 129 130 131 132 133 134 135 136   # 138 139 140 141 142 143 144 145 146 147 148 149 150 151 152 153 154 155 156 157   # 159 160 161 162 163 164 165 166 167   # 169   # 173 172 173 174   # 176 177 178 179   #   # 182 183 184 185 186 187 188 189 190 191 192 193 194 195 196 197 198 199   # 203 204 203 204   # 206 207 208   # 210 211 212 213 214 215 216 217 218 219 220 221 222 223 224 225 226 227 228 229
  98  99 100 101 102 103   # 107 106 107 108 109 110 111 112 113 114   # 118 119 120 119 120 121 122 123   # 125 126 127 128 129 130 131 132 133 134 135 136 137 138 139 140 141 142 143 144 145 146 147 148 149 150 151   #   # 154 155 156 157 158 159 160 161   # 163   # 165 166 167 168 169   # 171 172 173 174 175   # 177 178 179 180 181 182 183   # 185 186 187 188 189 190 191 192 193 194 195 196 197 198 199   # 203 202 203 204 205 206 207   # 209 210 211 212 213 214 215 216 217 218 219 220 221 222 223 224 225 226 227 228
  97  98  99 100 101 102 103   # 105 106 107 108 109 110 111 112 113 114   #   # 119 118   # 120   # 122 123 124 125 126 127 128 129 130 131 132 133 134 135 136 137 138 139 140 141 142 143 144 145 146 147   # 149   # 151 152 153 154 155 156 157 158   # 160   # 162 163 164 165 166 167 168 169 170 171 172   # 174 175 176 177 178 179 180 181 182 183 184   # 186 187 188 189   # 191 192 193 194 195 196 197 198 199   # 201 202 203 204 205 206 207 208 209 210 211 212 213 214 215 216 217 218   # 220   # 222 223 224 225 226 227
  96  97  98  99 100 101 102 103 104 105 106 107 108 109 110 111 112 113 114 115   # 117 118 119 120 121 122 123 124 125 126 127 128 129 130 131 132 133 134 135 136   # 138 139 140 141 142 143 144 145 146   # 148 149 150   # 152 153 154 155 156 157   # 159 160 161 162 163 164 165   # 167 168 169 170 171 172 173   #   # 176 177 178 179 180 181 182 183 184 185 186 187 188 189 190 191 192 193 194 195 196 197 198 199 200 201 202 203 204 205 206 207 208 209 210 211 212 213 214 215 216 217 218 219 220 221 222 223 224 225 226
  95  96  97  98  99 100 101 102 103 104   # 106 107 108 109 110 111 112 113 114 115 116 117   # 119 120 121 122 123 124 125 126 127 128   # 130 131 132 133 134 135 136 137   # 139 140 141 142 143 144 145 146 147 148 149   # 151 152 153 154 155 156 157 158 159 160 161 162 163 164 165 166 167 168 169 170 171 172   # 174 175 176 177 178 179 180 181 182 183 184 185 186 187 188 189 190 191 192 193 194 195 196 197 198 199   #   # 204   # 204 205   # 207 208 209 210 211 212 213 214 215   # 217 218 219   # 223 222 223 224 225
  94  95  96  97  98  99   # 101 102 103 104 105   # 107 108 109 110 111 112 113 114 115 116 117 118 119 120 121 122 123 124 125 126 127   # 129   #   # 132 133 134 135 136 137 138 139 140   # 144 145 146   # 146 147 148 149 150 151 152 153 154 155 156 157   # 159   # 161 162 163 164 165 166 167 168 169 170 171   # 173 174 175   # 179   # 179 180 181 182 183 184 185 186 187 188 189 190   # 192 193 194 195 196 197 198 199 200   #   # 203 204 205 206 207 208   # 210 211 212 213 214 215 216 217 218 219   # 221 222 223 224
  93  94  95  96  97   #  99 100 101 102 103 104 105 106 107 108   # 110 111 112 113 114   # 116 117 118 119 120 121 122 123 124 125 126 127 128 129   # 131 132 133 134 135 136 137   # 139 140   #   # 145 146 145 146 147 148 149 150 151 152 153   # 155 156 157 158 159 160 161 162 163 164 165 166 167   # 169 170   # 172 173 174 175   # 177 178 179   # 181 182 183 184 185 186 187 188 189 190 191 192 193 194 195 196 197 198 199 200 201 202 203   #   # 206 207 208 209 210 211 212 213 214 215 216   #   # 219 220 221   # 223
  92   #  94  95  96  97  98  99 100 101 102 103   # 107 106 107   # 109 110 111 112 113 114 115 116 117 118 119 120 121 122 123 124 125 126 127 128   # 130 131 132   # 134 135 136 137 138 139   # 145 144   # 144 145 146 147 148 149 150 151 152 153 154 155 156 157 158 159 160   # 162 163 164 165 166 167 168 169   # 171 172 173 174 175 176 177 178 179 180   # 182 183 184   # 188 189 188   # 190 191   # 193 194 195 196 197 198 199 200 201   # 203 204 205 206 207 208 209 210 211   # 215 216 217 216   # 218 219 220 221 222
  91  92  93  94  95  96   # 100  99 100 101 102 103   # 105 106 107 108 109 110 111 112 113 114 115 116 117 118 119 120 121 122 123 124 125   # 127 128 129 130 131 132 133   # 135 136 137 138 139   # 143 142 143 144 145 146 147 148 149 150 151 152 153 154 155 156 157 158 159 160 161 162 163 164 165   #   # 168 169 170 171 172 173 174 175 176 177 178 179   # 181   # 183 184   #   # 187 188 189 190 191 192 193 194 195 196 197 198 199 200 201 202 203   # 205 206 207   # 209 210 211   #   #   # 215 216 217 218 219 220 221
  90  91  92  93  94  95  96   #  98  99 100 101 102 103 104   # 108 107 108 109 110 111 112 113 114 115 116 117 118 119 120 121 122 123 124   # 126 127 128 129 130 131 132 133 134 135   # 137 138 139   # 141 142 143 144 145   # 147 148 149 150 151 152 153 154 155 156 157 158 159 160 161 162 163 164 165 166 167 168   # 170 171 172 173 174 175   #   # 178 179 180 181 182   # 184 185 186 187 188 189 190 191 192 193 194 195 196 197 198 199 200   # 202 203 204 205 206 207 208 209 210 211 212 213 214   # 216 217 218 219 220
  89  90  91  92  93  94   #  96  97  98  99 100   # 104 103   # 107 106 107 108 109 110 111 112 113 114 115 116 117 118 119 120 121 122   # 124 125 126 127 128 129 130 131 132 133 134 135 136 137 138 139 140 141 142 143 144 145 146 147 148 149 150 151   # 153 154 155 156   # 158   # 160 161   # 163 164   #   # 167 168 169 170 171 172 173 174 175 176 177 178 179 180 181 182 183 184 185 186 187 188 189 190 191 192 193 194 195 196 197 198 199 200 201 202 203 204 205 206 207 208 209 210 211 212 213 214 215 216 217 218 219
  88  89  90  91  92   #  94  95   #  97  98  99 100   # 102 103   # 105   # 107 108 109 110 111 112 113 114 115 116 117 118 119 120 121   # 123 124 125 126 127 128   # 132 133 132 133 134 135 136 137 138 139 140 141 142   # 144 145   # 147 148 149 150 151 152 153 154 155 156 157   # 159 160 161 162 163   # 165 166 167 168   # 170 171   # 173 174 175 176 177 178   # 180   # 182 183 184 185 186 187 188 189 190 191 192 193 194 195 196 197 198 199 200 201 202   #   # 205   # 207 208 209 210 211 212 213 214 215 216 217 218
  87  88  89  90   #  92  93  94  95  96  97  98   # 100 101   # 103 104 105 106 107 108 109 110 111   # 113 114 115 116 117 118 119 120   # 122 123 124 125   # 127   # 133 132 131 132 133 134 135 136 137 138 139 140 141 142 143 144 145 146   #   # 149 150 151 152 153 154   # 156 157 158 159 160 161 162 163 164 165   # 167 168 169 170 171 172 173 174 175 176 177 178 179 180 181 182 183 184 185 186 187 188 189 190   # 194 193 194 195 196 197 198 199 200 201 202 203 204   # 206 207 208 209 210   # 212 213 214 215 216 217
  86   #  88  89  90  91  92   #  94  95  96  97  98  99   # 101 102 103 104 105 106 107 108 109 110 111 112 113 114 115 116 117 118 119 120 121 122 123 124   # 126 127   # 131 130 131 132 133 134 135 136 137 138 139 140 141 142 143 144 145 146 147 148 149 150 151 152 153 154 155 156 157 158   # 160 161 162 163 164 165 166 167 168 169   # 171 172 173 174 175 176 177   # 179 180 181 182 183 184 185   #   # 190 189 190   # 192 193 194 195 196 197 198 199 200 201 202   # 204 205 206 207 208 209 210 211 212 213 214 215 216
  85  86  87  88  89  90  91  92  93  94  95  96  97  98  99 100 101 102 103 104 105 106 107 108 109 110 111   # 115 114 115 116 117 118 119 120 121   # 123 124 125 126   #   # 129 130 131 132 133   # 135   # 137 138 139 140   # 142 143 144   #   #   # 148 149 150   #   #   #   #   #   # 159 158 159   # 161   # 163 164 165 166 167 168   # 170 171 172 173 174 175 176 177 178 179 180 181 182 183 184   # 190 189 188 189 190 191 192 193 194 195 196 197 198 199 200 201 202 203 204 205 206 207 208 209 210 211   #   # 216 215
  84  85   #  89  88  89  90  91  92   #  94  95  96  97  98  99 100 101 102 103 104 105 106 107 108 109   # 111   # 113 114 115 116 117 118   # 120   # 122 123 124 125 126 127 128 129 130 131 132 133 134   # 136 137   # 139 140 141 142 143 144   # 146 147 148 149   # 151 152   # 154 155   # 157 158   # 160 161 162 163 164 165 166 167 168 169 170 171 172 173 174 175 176 177 178 179 180 181 182 183 184   #   # 187 188 189 190 191 192 193 194 195 196 197 198 199 200 201 202 203 204 205 206 207 208 209 210 211   # 215 214
  83  84  85   #  87  88  89  90  91  92  93  94   #  96  97  98  99 100 101 102 103 104   # 106   #   # 109 110 111 112 113 114 115 116 117 118 119 120 121 122 123 124 125 126 127 128 129 130 131 132 133 134 135 136 137 138   #   # 141   # 143 144 145 146   # 148 149 150 151 152 153 154   # 156 157 158 159 160 161 162   # 164 165 166 167 168 169 170 171 172 173 174 175 176 177 178 179 180 181 182 183 184 185 186   # 188   # 190   # 192 193 194 195 196 197 198 199 200 201 202 203 204 205 206   # 208 209 210 211   # 213
  82  83  84  85  86  87  88   #  90  91   #  93  94  95  96  97  98  99 100 101 102 103 104 105 106 107 108 109 110 111 112 113 114 115   # 117 118 119 120 121 122 123 124 125 126 127 128 129 130   # 132 133 134 135 136 137 138 139 140 141 142 143 144 145 146 147 148 149 150 151 152 153 154 155 156 157   # 161   # 161 162 163 164 165   # 167 168 169 170 171   # 173 174 175 176 177 178 179 180 181 182 183 184   # 188 187 188 189 190 191 192 193 194 195 196 197 198 199   # 201 202   # 204   # 206 207 208 209 210   # 212
  81  82   #  84  85  86  87  88  89  90  91  92  93  94  95  96  97  98  99 100 101 102 103 104 105 106 107 108   #   # 111 112 113 114 115 116 117 118 119 120 121 122 123 124 125 126 127 128 129 130 131 132   # 134 135 136 137 138 139 140 141 142   # 144   # 146   # 148   # 150 151 152 153 154 155 156 157   # 159 160 161 162 163 164 165 166 167 168 169 170 171 172 173 174 175   # 179 178 179 180 181   # 183 184   # 186   # 188 189 190 191 192 193 194 195 196 197 198 199 200 201 202 203 204 205 206 207 208 209 210 211
  80  81  82  83  84  85  86  87  88  89  90  91  92  93  94  95  96  97   #  99 100 101 102 103 104 105   # 107 108 109 110 111 112 113 114 115 116 117 118 119 120 121 122 123   # 125   # 127 128 129 130 131 132 133 134 135 136 137 138 139 140 141 142 143 144 145   # 147 148 149 150 151 152 153   # 155   # 157 158 159 160 161 162 163 164 165 166 167   # 169 170 171 172 173 174   #   # 177 178 179 180 181 182 183 184 185 186 187 188 189 190 191 192 193 194 195 196 197 198 199 200 201 202 203   # 205 206 207 208 209 210
  79  80  81  82  83  84  85  86  87  88  89  90  91  92  93  94  95  96  97  98  99 100 101   # 105   # 105 106 107 108 109   #   # 112 113 114   # 118   # 120 119 120 121 122   # 124 125 126   # 128 129 130   # 132   #   # 135 136 137   # 139 140 141 142 143 144 145 146 147 148 149 150 151   # 153 154 155 156 157 158 159 160 161 162 163 164 165 166 167 168 169 170 171 172 173   #   # 176   #   # 181 180 181 182 183 184 185 186 187 188 189 190 191 192 193 194 195 196 197 198 199 200 201 202 203 204 205 206 207 208 209
  78  79   #  81  82  83  84  85  86  87  88  89  90  91  92  93  94  95   #  97  98  99 100 101   # 103 104 105 106 107 108   # 110 111 112 113 114   #   #   # 118 119 120 121 122 123 124 125 126 127 128 129 130 131 132 133 134 135 136 137 138 139 140   # 142 143 144 145 146 147 148 149 150 151 152 153   # 157 156 157 158 159 160 161 162 163 164 165 166 167   # 169   # 171 172 173 174 175   # 177   # 179   # 181 182 183 184 185 186 187 188 189 190 191 192 193 194 195 196 197 198 199 200 201 202 203 204 205 206 207 208
  77  78  79  80  81  82  83   #  85  86  87  88  89  90  91  92  93  94  95  96  97  98  99 100 101 102 103   # 105 106 107 108 109 110   # 112 113 114   # 118 117 118 119 120 121 122 123 124 125 126 127 128 129 130 131 132 133 134 135   # 137   # 139 140 141 142 143 144 145 146 147 148 149 150 151 152 153   # 155 156 157 158 159 160 161 162 163 164 165 166 167 168 169 170 171 172 173 174 175 176 177 178 179 180   # 182 183   # 185 186 187 188 189 190 191 192 193 194 195 196 197 198 199 200   # 202 203   # 205 206 207
  76  77  78  79  80  81  82  83  84  85  86  87  88  89  90  91  92  93  94  95  96  97  98  99 100 101 102   # 104 105 106 107 108 109 110 111 112 113   #   # 116 117   # 119 120 121 122 123 124 125 126 127 128   # 130 131 132 133 134 135 136 137 138 139 140 141 142 143 144 145 146 147 148 149 150 151 152 153 154 155 156 157 158 159 160 161   # 163 164   #   # 167 168   # 172 173 172 173 174 175 176   #   # 179 180 181 182   # 184 185 186 187   # 189 190 191 192 193 194 195 196 197 198 199   # 201 202 203 204 205 206
  75  76  77   #   #  80  81  82  83  84  85  86  87  88  89  90  91  92   #  94  95  96   #   #  99 100 101 102 103   # 105 106 107 108 109 110 111   # 115 114 115 116 117 118 119 120 121 122 123 124 125 126 127   # 129 130 131 132 133   #   #   # 137 138   # 140 141 142 143 144 145 146 147 148   # 150 151 152 153 154 155 156 157 158 159 160 161 162   # 164 165 166 167   # 173 172 171 172 173 174 175 176   # 178 179 180   # 182 183 184 185 186   # 188   # 190 191 192 193 194 195 196 197 198 199 200 201 202 203 204 205
  74   #  76  77  78  79  80  81  82  83  84  85  86  87  88  89  90  91  92  93  94   #  96  97  98   #   # 103 102 103 104 105 106 107 108 109 110 111   # 113 114 115 116 117 118 119 120 121 122 123 124   #   # 127 128 129 130 131 132 133 134 135 136 137 138 139 140 141 142 143 144 145 146 147 148 149 150   # 152 153 154 155   # 157 158 159 160   # 162 163 164 165 166   # 172 171 170 171 172 173 174 175   # 177 178 179 180 181 182   # 184 185 186 187 188 189 190 191 192 193 194 195 196 197 198 199 200 201 202   # 204
  73  74  75  76  77  78  79  80  81  82  83  84  85  86   #  90   #  90  91  92  93  94  95  96  97  98  99   # 101 102 103 104 105 106 107 108 109 110 111 112 113 114 115 116 117 118 119 120 121 122 123 124 125 126 127 128 129 130 131 132   # 134 135 136 137 138 139 140 141 142 143 144   # 146 147   # 149 150 151 152 153 154 155 156 157 158 159 160 161 162   #   # 167 166   #   # 169 170 171   # 173 174 175 176 177 178 179   # 181 182 183 184 185 186 187   # 189 190   # 192 193 194 195 196 197 198 199 200 201   # 203
  72  73  74  75  76  77  78  79  80  81  82  83  84  85  86   #  88  89  90  91  92  93  94  95   #  99  98  99 100 101 102 103 104   # 106 107 108 109 110 111 112 113 114 115 116 117 118 119   # 121 122 123 124   # 126 127 128 129 130 131 132 133 134   # 138 137 138 139 140 141 142   # 144 145 146 147 148 149 150 151 152 153   # 155 156 157 158 159 160 161   #   #   # 165 166 167 168 169 170 171 172 173 174 175 176   # 178 179 180 181 182 183   # 185   # 187 188 189   # 191 192 193 194 195 196 197 198 199   # 201 202
  71  72  73  74  75  76  77  78  79   #  81  82  83  84  85  86  87   #   #   #  91  92  93   #  95   #  97  98  99   # 101 102 103 104 105 106 107 108 109 110 111 112 113 114 115 116 117 118   # 120 121   # 123 124 125 126 127 128 129   # 131 132 133   #   # 136 137 138   # 142 141 142 143 144   #   # 147 148 149 150 151 152 153 154 155 156 157 158   # 160 161   # 163 164 165 166 167 168 169   # 171 172 173 174 175 176 177 178 179 180 181 182 183 184 185 186 187 188 189 190 191 192 193 194 195 196 197 198 199 200 201
  70  71  72  73  74  75  76  77  78  79  80  81   #  83  84  85  86  87  88   #  90  91  92  93  94  95  96  97  98  99 100 101 102 103 104 105 106 107 108 109 110 111 112   # 114 115 116 117 118 119 120 121 122 123   # 125 126 127   # 129 130 131 132 133 134 135 136   #   #   # 140 141 142 143 144 145 146   # 148 149 150 151 152 153 154 155 156 157 158 159 160 161 162 163 164 165 166 167   # 169 170 171 172 173 174   # 176 177 178 179 180 181   # 183 184 185 186   # 188 189 190 191   # 193 194 195 196 197 198 199 200
  69  70  71  72  73  74  75  76  77   #   #  82  81  82  83  84   #  86  87  88  89  90  91  92  93  94  95  96  97  98  99 100 101 102 103 104 105 106 107 108 109 110 111 112 113 114 115 116 117 118 119 120 121 122 123 124   # 128 127 128 129 130 131 132 133 134 135 136   # 138 139 140 141 142 143 144 145 146 147 148 149 150 151 152 153 154 155 156 157 158 159 160 161   # 163 164 165 166 167 168 169 170 171   # 173 174 175 176 177 178 179 180 181 182 183 184 185 186 187 188 189 190 191 192 193 194 195 196 197 198 199
  68  69  70  71  72  73  74  75  76  77   #   #  80  81  82  83  84  85  86  87  88   #  90  91  92  93  94   #  96  97  98  99 100 101 102   # 104 105 106 107 108 109 110 111 112 113 114 115 116 117 118 119 120   #   # 123 124   # 126   # 128 129 130 131 132 133   #   # 136 137 138 139 140 141 142 143 144 145 146 147 148 149 150   # 152 153 154 155   # 157 158 159   # 163 162   # 164 165   # 167 168 169   #   # 172 173   # 175   #   # 178   # 180 181 182 183 184   # 186   # 188   # 190 191 192 193 194 195 196 197 198
  67  68  69  70  71  72  73  74  75  76  77  78  79  80  81  82  83  84  85  86  87  88  89   #  91  92  93  94  95  96  97  98  99 100 101 102 103 104   # 106 107 108 109 110 111   #   # 114   # 116   # 118   # 120 121 122 123 124 125 126 127 128 129 130 131 132 133 134 135 136 137 138   #   # 141 142 143 144   #   # 147 148 149 150 151 152 153 154   # 156 157 158 159   # 161 162 163 164 165 166 167 168 169 170 171 172 173 174 175 176 177 178 179 180 181   # 183 184 185 186 187 188 189 190 191 192 193 194 195 196 197
  66  67  68  69  70  71  72  73  74  75  76  77  78  79  80  81  82  83  84  85  86  87  88  89  90  91  92  93  94  95  96  97  98  99 100 101 102 103 104 105 106 107 108 109 110 111 112 113 114 115 116 117 118 119 120 121 122 123 124 125 126 127 128 129 130 131 132 133 134 135 136 137 138 139 140 141 142 143 144 145 146 147 148 149 150 151 152 153 154 155 156 157 158 159 160 161 162 163 164 165 166 167 168 169 170 171 172 173 174 175 176 177 178 179 180 181 182 183 184 185 186 187 188 189 190 191 192 193 194 195 196
  65  66  67  68  69   #  71  72  73  74  75  76  77  78  79  80  81  82   #  86  85  86  87  88  89  90  91  92  93  94  95  96  97  98  99   # 101 102   #   #   # 106 107 108 109 110 111 112 113 114 115 116 117   # 119 120   #   # 123 124 125 126   # 128   # 130 131 132 133 134 135   # 137 138 139 140 141 142 143 144 145 146 147   # 149 150 151 152 153 154 155 156 157 158   # 160 161 162   # 164 165 166 167 168 169 170 171 172 173 174 175 176 177 178 179 180 181 182 183 184 185 186 187 188 189 190 191 192 193 194 195
  64  65  66  67  68  69  70  71  72  73  74   #  76  77  78  79  80  81  82   #  84  85  86   #  88  89  90  91  92  93  94  95  96   #  98  99 100 101   # 103 104 105 106 107 108 109 110   # 112 113   # 115 116 117 118 119 120 121 122 123 124 125 126 127 128 129 130   # 132 133 134 135 136 137 138 139 140   # 142   # 144 145 146 147 148 149 150 151 152 153 154 155 156 157 158 159 160 161 162 163 164 165   # 167 168 169 170   # 172 173 174 175   # 177 178 179 180 181 182 183 184 185   # 187   # 189 190 191 192 193 194
  63  64  65  66  67  68  69  70  71  72  73  74  75  76  77  78   #  82  81   #  83  84  85  86  87  88  89  90  91  92  93  94  95  96  97  98  99 100 101 102 103 104 105 106   # 110 111   # 111 112 113 114 115 116 117 118 119 120 121 122 123 124 125 126   # 128 129 130 131 132 133   # 135 136   # 138 139 140 141 142 143 144   # 146 147 148 149 150 151 152 153 154 155 156   #   # 161 160 161   # 163 164 165 166 167 168 169 170 171 172 173 174 175 176 177   # 179 180 181 182 183 184 185 186 187 188 189 190 191 192 193
  62  63  64  65  66  67  68  69  70  71  72  73   #  77  78  79  78   #  80  81  82   #  84  85  86  87  88   #  90   #   #  93  94  95  96  97  98  99 100 101 102 103 104 105   # 111   # 109 110 111 112 113 114 115 116 117 118 119 120 121 122   # 124   # 126 127 128   # 130 131 132 133 134 135 136 137   # 139 140 141 142 143 144 145 146 147 148 149   # 151 152   # 154 155 156   #   # 159 160 161 162 163 164 165 166 167 168 169 170 171 172 173 174 175 176 177 178 179 180 181 182 183   # 185 186 187 188 189 190 191 192
  61   #  65  64  65  66  67  68  69  70  71   #   #  78   #  78  77   #  79  80  81   #  83  84  85  86  87   #  89   #  91  92  93  94   #   #  97   #  99   # 101 102 103 104 105   # 107 108 109 110 111 112 113 114 115 116 117 118 119 120 121 122 123   # 125 126 127   # 129 130 131 132 133 134 135 136 137 138 139 140 141 142 143 144 145 146 147 148 149 150 151 152 153   # 155 156 157 158 159 160 161 162 163 164 165 166   # 168   # 170   # 174 173 174 175   # 177 178 179 180 181 182 183 184 185 186 187 188 189 190 191
  60   #  64  63  64  65  66  67  68  69  70  71  72   #  74   #  76  77  78  79  80  81  82  83  84  85   #  89  88  89  90  91  92  93  94  95  96  97  98  99 100 101 102 103 104 105 106 107 108   # 110 111 112   # 114 115 116 117 118 119   #   # 122 123 124 125 126 127 128 129 130 131 132 133   # 135 136 137 138 139 140 141 142 143 144 145 146 147 148 149 150 151 152 153 154   # 156 157 158 159 160 161   #   # 164 165 166 167 168 169 170   # 172 173 174 175 176 177 178 179   # 181 182 183 184 185 186 187 188 189 190
  59  60   #  62  63  64  65  66  67  68  69  70  71  72  73  74  75  76  77  78  79  80  81  82  83   #  85   #  87  88  89  90  91  92  93  94  95  96  97  98  99   # 103 104   # 104 105 106 107 108 109 110 111 112 113 114 115 116 117 118 119 120 121 122 123 124 125 126 127 128   # 130 131 132 133 134 135 136 137   #   # 140   # 142   # 144 145 146   # 148 149   # 151   # 153 154 155 156 157 158 159 160 161 162 163 164 165 166 167 168 169 170 171   # 173 174 175 176 177 178 179 180 181 182 183 184 185 186 187 188 189
  58  59  60  61  62  63  64  65  66  67  68  69  70  71  72  73  74  75  76  77  78  79  80  81  82  83  84  85  86  87  88  89  90  91  92  93  94  95  96  97  98   # 104   # 102 103 104   # 106   # 108 109 110 111 112 113 114 115 116 117 118 119   # 121 122 123 124 125 126 127 128 129 130 131 132 133   # 137 136 137 138 139 140 141 142 143 144 145   # 147   # 149 150   # 152   # 154   # 158 159 160 159 160 161 162   # 164   # 166 167 168 169 170   # 172 173   # 175 176 177 178 179 180 181 182 183 184 185 186 187 188
  57  58  59  60   #  62  63  64  65  66  67  68  69  70  71  72  73  74  75  76  77  78  79  80  81  82  83  84  85   #  87  88  89  90  91  92  93  94   #  96  97  98   # 100 101 102 103 104 105 106 107 108 109 110   # 112 113   # 115 116 117 118 119 120 121 122 123 124 125 126 127 128 129 130 131 132   #   # 135   # 137   # 141 140 141 142 143 144 145 146 147 148 149   # 151 152 153 154   # 160   # 158 159 160 161 162 163   # 165 166 167 168 169 170 171 172 173 174 175 176 177 178 179 180 181 182 183   # 187   # 187
  56  57  58  59  60  61   #  63  64  65  66  67  68  69  70  71  72   #  74  75  76  77  78  79  80   #   #  83  84  85  86   #  88  89  90  91  92  93  94  95  96  97   #  99 100 101 102 103   # 107 106 107 108 109 110 111 112 113 114 115 116 117   # 121   # 121 122 123 124 125 126   # 128 129 130 131 132 133 134 135 136 137   # 139 140 141 142   # 144 145 146 147 148 149 150 151 152 153 154   # 156 157 158 159 160 161 162   # 164 165 166 167 168 169 170   # 172 173 174 175 176 177 178 179 180 181 182   # 188 187 186
  55  56  57   #  59  60  61  62  63  64  65  66  67  68  69  70   #  72  73  74  75  76  77  78  79   #  81  82   #  84  85  86  87  88  89  90  91  92  93  94   #  96  97  98  99 100 101 102 103   # 105 106   #   #   # 110 111 112 113 114   # 116 117   # 119 120 121 122 123 124 125 126 127 128   # 132 131 132 133 134 135 136 137 138 139 140   # 142 143 144 145 146 147 148 149 150   # 152 153 154 155 156 157 158 159 160   # 162 163 164   #   # 167   #   #   # 171 172 173 174 175 176 177 178 179 180 181 182   #   # 185
  54  55  56  57  58  59  60   #  62  63  64  65  66  67  68  69   #  71  72  73  74   #  76   #  78   #  80  81  82  83  84  85  86  87  88   #  92  91   #  93  94  95  96  97  98  99 100 101 102 103 104 105 106 107   # 109 110   # 112 113 114 115 116 117 118 119   # 123 122 123 124 125 126 127   # 131 130 131 132 133 134 135 136 137 138 139 140 141 142 143 144 145   # 147 148 149 150 151 152 153   # 157 156 157   # 159 160 161 162 163 164 165 166   # 168 169 170 171 172 173 174 175 176 177 178 179 180 181   # 183 184
  53  54  55  56  57  58  59  60  61  62  63  64  65  66  67  68  69  70  71  72  73  74  75   #  77  78  79  80  81  82  83  84  85  86  87  88   #  90  91  92  93  94   #  96  97  98  99 100 101   # 103 104 105 106 107 108 109 110 111 112 113 114   # 116 117 118 119   # 121 122 123 124 125   # 127   # 129 130   # 134 133 134 135 136 137 138 139 140 141   # 143 144 145 146 147 148 149   # 151 152 153   # 155 156 157 158 159 160 161 162   # 164 165 166 167 168 169 170 171 172 173   # 175 176 177 178 179 180 181 182 183
  52  53  54   #  56  57  58  59  60  61  62  63  64  65  66  67  68  69   #  71  72  73  74  75  76  77  78  79  80  81  82  83  84  85  86  87  88  89   #  91  92  93  94  95   #  97  98  99 100 101 102 103 104 105   # 107 108 109 110   # 112 113 114 115 116 117 118 119 120   # 122 123 124 125 126 127 128   #   #   # 132 133 134 135 136 137 138 139 140 141 142 143 144   #   # 147 148 149 150 151 152 153 154   # 156 157 158 159   # 161 162 163   # 165 166 167 168 169 170 171 172 173 174 175 176 177 178 179 180 181 182
  51  52  53  54  55  56  57  58  59  60   #  62  63  64  65  66  67  68  69  70  71   #  73  74  75  76  77  78   #  80  81  82  83  84  85  86  87  88  89  90  91  92   #  94  95  96  97  98  99 100 101 102 103 104 105 106 107 108 109 110 111 112 113   # 115 116   # 118 119 120 121 122 123 124   # 128   # 128   # 130 131 132 133   #   # 136 137 138   # 140   # 142 143 144 145 146 147 148 149 150 151 152 153 154 155 156 157 158 159 160 161 162 163 164 165 166 167 168 169 170 171 172 173   # 177 176 177 178 179 180 181
  50  51   #  53  54  55  56  57  58  59  60  61  62  63  64  65  66  67  68  69  70  71  72  73  74  75  76  77  78  79   #  81  82  83  84  85  86  87  88  89  90  91  92  93  94  95  96  97  98  99 100 101 102 103 104 105 106 107 108 109 110 111 112 113 114 115 116 117 118 119   # 121 122 123 124   # 126 127 128 129 130 131 132 133 134 135   # 137 138 139 140 141 142 143 144 145 146 147 148 149 150 151 152 153 154 155 156   # 158 159 160 161 162 163 164 165 166 167 168 169 170 171 172 173   # 175 176 177 178   # 180
  49  50  51  52  53  54  55  56  57  58  59  60  61  62  63  64  65  66  67  68  69  70   #  72   #  74  75  76  77  78  79  80  81  82  83  84  85  86  87  88   #  90  91  92  93  94  95  96   # 100  99 100 101 102 103 104 105 106   # 110 109 110 111   #   # 114 115 116 117 118 119 120 121 122 123 124 125 126 127 128 129 130   # 132 133 134 135 136 137   # 139 140 141 142 143 144 145 146 147 148   # 150 151 152 153 154 155 156 157 158 159 160 161 162 163 164 165 166 167 168 169   #   # 172 173 174 175 176 177   # 179
  48  49  50  51  52  53  54  55  56   #  60  59  60   #  62  63  64  65  66  67  68  69  70  71  72  73   #  77  78  77  78  79  80  81  82  83  84  85  86  87  88  89   #   #  92  93  94  95  96   #  98  99 100 101 102 103   # 105 106   # 108 109 110 111 112 113 114 115   # 117 118 119 120 121   # 123 124 125   # 127 128 129 130 131 132 133 134 135 136 137 138   # 140 141 142 143 144 145 146 147 148 149 150 151 152 153 154 155 156 157 158 159 160 161 162 163 164 165 166 167 168 169 170 171 172 173 174 175   # 177 178
  47  48  49  50  51  52   #   #  55  56   #  58   #  62  61  62  63  64  65  66  67  68  69  70   #  72  73   #  77  76  77  78  79  80  81  82  83  84  85   #   #   #  89  90  91  92  93   #  95  96  97  98  99 100 101 102 103 104 105 106 107 108 109 110 111 112 113 114 115 116 117 118   #   # 121 122 123 124 125 126 127 128 129 130 131 132 133 134 135 136 137 138 139 140 141   # 143 144 145 146 147 148 149 150   # 152 153 154 155 156 157 158 159 160 161 162 163 164 165 166 167 168 169 170 171 172 173 174 175 176 177
  46  47  48  49  50  51  52  53  54  55  56  57   #  61  60  61  62  63  64  65  66  67  68  69  70  71  72  73   #  75  76  77  78   #  80  81   #  83  84  85  86  87  88  89  90  91  92  93  94  95  96   # 100  99 100 101 102 103 104 105 106 107 108 109 110 111 112 113 114   # 116 117 118 119 120 121   # 123   # 125 126   # 128 129 130 131 132 133 134 135 136 137   # 139 140 141 142 143 144 145 146 147 148 149 150 151 152 153 154 155 156 157 158 159 160 161 162 163 164 165 166 167 168 169 170 171 172   # 174 175 176
  45  46  47  48  49  50  51  52  53  54  55  56  57   #  59   #   #  62  63  64  65  66  67  68  69  70  71  72  73  74  75  76  77  78  79  80  81  82  83  84  85  86  87  88  89  90  91  92  93  94  95  96   #  98  99 100 101 102 103 104 105 106   #   # 109 110 111   # 113 114 115 116 117 118 119 120 121 122 123 124 125 126 127 128 129 130 131 132 133 134 135 136 137 138 139 140 141 142 143 144 145 146 147 148 149   # 151 152 153 154 155 156 157 158 159 160 161 162 163 164 165 166 167   # 169   # 171 172 173   # 175
  44   #  46  47  48  49  50  51  52  53  54  55  56  57  58  59  60  61  62  63  64  65  66  67  68  69  70  71  72   #  74  75  76  77  78  79  80  81  82  83  84  85   #  87  88  89  90  91  92  93  94  95  96  97  98   # 100   #   #   #   # 107 106 107 108 109 110 111 112 113 114 115 116 117 118 119 120 121 122 123 124 125 126 127 128 129 130   # 132   # 134 135 136   # 138   # 140 141 142 143 144   # 146 147 148 149 150 151 152 153 154 155 156   # 160 159 160 161 162 163 164 165 166 167 168 169 170 171 172 173 174
  43  44  45  46  47   #  49  50  51  52  53  54  55  56  57  58  59   #  61   #  63  64  65  66  67  68  69  70  71  72  73  74  75  76  77  78  79   #  83  84  83  84   #  86  87  88  89   #  91  92  93  94   #   #  97   #  99 100 101 102 103   # 105 106 107 108 109   # 111 112 113   # 115 116 117 118 119 120 121 122 123 124 125 126   #   # 129 130 131   # 133   # 135 136 137 138 139 140 141 142 143 144 145 146 147 148 149 150 151 152 153 154   # 156   # 158   # 160 161   # 163 164   # 166 167   # 169 170 171 172 173
  42  43  44  45  46  47  48  49   #  51   #  53  54   #  56  57   #  59  60  61  62  63  64  65  66  67  68  69   #  71  72  73  74  75  76  77  78  79   #  83  82   #  84  85  86  87  88   #  90   #   #  93   #  95  96  97  98  99 100 101 102   # 104 105 106 107 108 109 110 111 112 113 114 115 116 117 118 119 120 121 122 123 124 125   # 127 128 129 130 131 132 133 134   # 136 137 138 139 140   #   # 143 144 145 146 147 148 149 150 151 152 153   # 155 156 157 158 159 160   # 162 163 164 165 166 167 168 169 170 171 172
  41  42  43  44  45  46  47  48  49  50  51  52   #  54  55   #  57  58  59  60  61  62  63  64  65  66  67  68  69  70  71  72   #  74  75  76  77  78  79   #  81   #  83   #  85  86  87  88  89  90  91  92  93  94  95  96   #  98  99 100   # 102 103 104 105 106 107 108 109 110 111 112   # 114 115 116 117   # 119 120   # 122 123 124 125 126 127 128 129 130 131 132 133 134 135 136 137 138 139 140 141 142 143 144 145 146 147 148 149 150 151 152 153 154 155 156 157 158 159 160 161 162 163 164 165 166 167   # 171   # 171
  40  41  42  43  44  45   #  47  48  49   #  51  52  53  54  55  56  57  58  59  60  61  62  63  64  65  66  67  68  69  70  71  72  73  74  75  76  77  78  79  80  81  82  83  84  85  86  87  88  89  90  91  92  93  94  95  96  97  98  99 100 101 102 103 104 105 106 107 108 109 110   # 114 113 114   # 116 117 118 119 120 121 122 123 124 125 126 127 128 129 130 131   # 133   #   # 136 137 138 139 140 141 142 143 144 145 146 147   # 149 150 151 152 153   # 155 156 157 158   # 162 163 162 163 164 165 166   # 170 169 170
  39  40   #  42  43  44  45  46  47  48  49  50  51   #  53  54  55   #  57  58  59  60  61  62  63  64  65  66  67  68  69  70  71  72  73  74  75  76  77   #  79  80  81  82  83  84  85  86  87  88  89  90   #  94  93  94  95  96  97  98  99   # 101 102 103 104 105 106 107   # 109   #   # 112 113 114 115   # 117 118 119   # 123 124 123 124 125 126 127 128 129 130 131 132 133   # 135 136 137 138 139 140 141 142 143 144 145 146 147 148 149 150 151 152 153 154 155 156 157 158   #   # 161 162 163 164 165 166   # 168 169
  38  39   #  41  42  43  44   #  46   #  48  49  50  51  52  53  54  55  56  57  58  59  60  61  62  63  64  65  66  67  68  69  70  71  72  73   #  75   #  77  78  79  80  81  82   #  84  85  86  87  88  89  90   #  92  93  94  95  96  97  98  99 100 101   # 103 104 105 106 107 108   # 110 111 112 113 114 115 116 117 118 119   # 123 122 123 124 125 126   # 128 129 130 131 132   # 134 135 136 137 138 139 140 141 142 143 144 145 146 147 148   # 150   #   # 153 154 155 156 157   # 159 160 161   # 163 164 165 166 167 168
  37  38  39  40  41  42  43  44  45  46  47  48  49  50  51  52  53   #  55  56  57  58  59  60   #   #  63  64  65  66  67  68  69  70   #  74  73  74  75  76  77  78  79  80  81  82  83  84  85  86  87  88  89  90  91   #  93  94   #  96  97  98  99 100 101 102   # 104 105 106 107 108 109 110 111   # 113 114 115 116 117 118 119   # 121   # 123 124 125 126 127 128 129 130 131 132 133 134 135 136 137 138 139 140 141 142 143   # 145 146 147 148 149 150 151 152 153 154 155 156 157 158 159 160 161 162 163   # 165 166 167
  36  37  38  39   #   #   #   #  44  45  46  47  48  49  50  51  52  53  54  55  56  57   #   #  60  61  62  63  64  65  66  67  68  69  70   #  72  73  74  75  76  77  78  79  80   #  82  83  84  85   #  87  88  89  90  91  92   #  96  95  96  97  98  99 100 101 102 103 104 105 106 107 108 109 110 111 112 113 114   # 118   # 118 119 120   # 122 123 124 125 126   # 128   # 130 131 132 133 134 135 136 137 138 139 140 141 142 143 144   # 146   # 150 149 150 151 152 153 154 155 156 157 158 159 160 161 162 163 164 165 166
  35  36  37  38  39  40   #  42  43  44  45  46   #  48  49  50  51  52  53  54  55  56  57  58  59  60  61  62  63  64  65  66  67  68  69  70  71  72  73  74  75  76   #  78  79  80  81  82  83  84  85  86   #  88  89   #  91  92   #  94  95  96  97  98   # 100   # 102 103 104 105 106 107 108 109 110 111 112 113   #   # 116 117 118 119 120 121   #   # 124 125   # 127 128 129 130 131 132 133 134 135 136 137 138   # 140 141   # 143 144 145 146   # 148 149 150 151 152 153   # 157 158 157   # 161 160 161   #   #   # 165
  34   #  36  37  38  39  40  41  42  43   #  45  46  47  48  49  50  51  52  53  54  55  56   #  60  61  60   #  62  63  64  65  66  67  68  69  70  71  72  73  74  75   #  77  78  79  80  81  82  83  84  85  86  87  88  89  90   #   #  93  94  95  96   #  98  99 100 101 102 103   # 105 106 107   # 109   # 111   # 113 114 115 116 117 118 119 120 121   # 123 124   # 126   # 128 129 130 131 132 133 134 135   # 137 138 139 140 141 142 143 144 145 146 147   # 151 150 151   #   # 158 157 156 157   # 159 160 161 162 163 164
  33  34  35  36  37  38  39   #  43  42  43  44  45  46   #  48  49   #  53  52  53  54  55   #  61  60  59  60  61  62  63  64  65  66  67  68  69  70  71  72  73  74  75  76  77   #  79  80  81  82   #  84  85   #  87  88  89  90  91  92  93  94  95  96  97  98  99 100   # 102 103 104 105 106 107 108 109 110 111 112 113 114 115 116   # 120 119 120 121 122 123 124 125 126 127 128 129 130 131 132 133 134 135 136 137   # 139 140 141 142   # 144 145 146   #   # 149 150   # 158 157 156 155 156 157 158   # 162   #   # 163
  32  33  34  35  36  37  38  39   #  41  42  43  44  45  46  47  48  49   #  51  52  53  54   #   #   #  58  59  60   #  62  63  64  65  66  67  68  69  70  71  72   #  74  75  76  77  78  79  80  81  82  83   #  85  86  87  88  89  90  91  92  93  94   #  96  97  98  99   # 101 102 103 104   # 106 107 108 109 110 111 112 113 114 115 116   # 118 119 120 121 122 123   # 125 126 127 128 129 130 131 132 133 134 135   # 137 138 139   # 141 142 143 144 145 146 147 148 149 150   # 156 155 154 155 156 157 158   # 162 161 162
  31  32  33  34   #  38  39  38  39  40  41  42  43  44  45  46   #  48  49  50  51  52  53  54   #  56  57  58   #   #  61  62  63  64  65  66  67  68  69   #  71  72  73   #  75  76  77   #  79  80  81   #  83  84  85  86  87  88   #  90  91  92  93  94  95  96  97  98  99 100 101 102 103   # 105 106 107 108 109 110 111 112 113 114 115 116 117 118 119 120 121 122 123 124 125 126 127 128 129 130 131 132 133 134 135 136 137 138 139 140 141 142   # 146 145 146 147 148 149 150   #   # 153 154 155 156   #   # 161 160 161
  30  31  32  33  34   #   #  37  38   #  40  41  42  43  44  45  46  47  48  49   #  51  52   #  54  55  56   #  58  59  60  61  62  63  64  65  66  67  68  69  70  71  72  73  74   #   #  77  78  79  80  81  82  83  84  85  86  87  88  89  90  91  92  93  94  95  96  97  98  99 100 101   # 105 104   # 108 109 108 109 110 111 112 113 114 115 116 117 118 119 120 121 122 123 124 125 126 127 128 129 130 131 132 133   # 135 136 137 138 139 140   # 142   # 144 145 146 147 148 149 150 151 152 153 154 155 156 157   # 159 160
  29   #  31   #  33   #   #  36  37  38  39  40  41  42  43  44  45  46  47  48  49  50   #  52  53  54  55  56  57  58  59  60   #  62  63  64  65  66  67  68  69  70  71  72  73  74  75  76  77  78  79  80  81  82  83  84  85  86  87  88  89  90  91  92   #  94  95   #  99  98  99 100   #   # 103   # 109 108 107 108 109 110   # 112 113 114   # 116 117   # 119 120 121 122 123 124 125 126 127 128 129 130 131   # 133 134 135 136 137 138 139 140 141 142 143 144 145 146 147 148   # 152 151 152 153 154 155 156 157 158 159
  28  29  30  31  32  33  34  35  36  37  38  39  40  41  42  43  44  45  46  47  48   #  50  51  52  53   #  55  56  57  58  59   #  61  62  63  64  65  66  67  68  69  70  71  72   #  76  75   #  77   #  79  80  81  82  83   #  85  86  87  88  89  90  91  92  93  94  95   #  97  98  99 100 101 102   # 108 107 106 107 108 109 110 111 112 113 114 115 116 117 118 119 120 121 122 123 124 125 126 127 128 129   # 131 132 133 134 135 136 137 138 139 140 141 142 143 144 145 146   #   #   # 150 151 152   # 156 157 156 157 158
  27   #  31  30  31  32  33  34  35   #  37  38   #  40  41  42  43  44  45  46  47  48  49  50  51  52  53  54  55  56  57  58  59  60   #   #  63  64  65  66  67  68  69  70  71  72   #  74  75  76  77  78  79  80  81  82  83  84  85  86  87  88  89  90  91  92  93  94  95  96  97  98  99 100 101 102   #   # 105 106 107 108 109 110   # 112 113 114 115 116 117 118 119 120 121 122 123 124 125 126 127 128   # 130 131 132 133 134 135 136 137 138 139 140 141 142 143 144   # 146 147 148 149 150   # 152   #   # 155 156 157
  26  27   #  29  30  31  32  33  34  35  36  37  38  39  40  41  42   #  44  45  46   #  48   #  50  51  52  53  54  55  56  57  58  59  60  61  62  63  64  65  66  67  68  69  70  71  72  73   #  75  76   #  78  79  80  81  82  83  84  85  86  87  88  89  90  91  92  93  94  95   #   #  98  99 100 101 102 103 104   # 108 107 108 109 110 111 112 113 114 115 116 117 118 119   #   # 122   # 124 125 126 127 128 129 130 131 132 133 134 135 136 137 138 139 140 141   #   # 144 145 146 147 148 149 150 151 152 153 154 155 156
  25  26  27  28  29  30  31  32  33  34  35  36   #  38  39  40  41  42  43  44  45  46  47   #  49  50  51  52  53  54  55  56  57  58  59  60  61  62  63  64  65  66  67  68  69  70  71  72  73  74  75  76  77  78  79  80  81  82  83  84  85  86  87  88  89  90  91  92  93  94  95  96  97   #  99 100 101 102 103 104   # 106 107   # 109   # 111 112 113 114 115 116 117 118 119   # 121 122 123   # 125 126 127 128 129 130 131 132 133 134 135 136 137 138 139 140 141 142 143 144   # 146 147 148 149   # 151 152 153 154 155
  24  25  26  27  28  29  30   #  32  33  34  35  36  37  38  39  40  41  42  43  44  45  46  47  48   #  50  51  52  53  54  55  56  57  58  59  60  61  62  63  64  65  66  67  68  69  70   #  72  73  74  75  76   #  80  79   #   #  82  83  84  85  86  87  88  89  90  91  92  93  94  95  96  97  98  99 100 101   # 103 104 105 106 107 108 109 110 111 112 113 114 115 116 117 118 119 120 121 122 123 124 125 126 127   # 129 130 131 132 133 134 135 136   # 138 139 140   # 142 143 144 145   # 147   #   # 150 151 152 153 154
  23   #  25  26  27  28  29  30  31  32  33  34  35  36  37  38   #   #   #  42  43  44  45  46   #  48  49  50  51  52  53  54  55  56   #  58  59  60  61  62  63  64  65  66  67  68  69  70  71  72  73  74  75  76   #  78  79  80  81   #  83  84  85  86  87  88  89  90  91  92  93  94   #  96  97   # 101 100 101 102 103 104 105 106 107 108 109 110 111 112 113 114 115   # 117 118 119 120 121 122   #   # 125 126 127 128   #   # 133   # 133   # 135 136 137 138 139 140 141 142 143   # 145 146 147 148 149 150 151 152 153
  22  23  24  25  26  27  28  29  30  31  32  33  34  35  36  37  38  39   #  41   #  45  44  45  46  47  48  49  50  51  52  53  54  55  56  57  58  59  60  61  62  63  64  65  66  67  68  69  70  71  72  73  74  75   #  77  78  79  80  81  82  83   #   #  86  87   #  91  90   #  92   #  94  95   #  97   #  99   # 101 102 103 104 105 106 107 108 109 110 111 112 113 114 115 116 117 118 119 120 121 122 123 124 125   # 127 128 129   # 133 132 133 134 135 136 137 138 139 140   # 142 143 144   # 146 147 148 149 150 151 152
  21  22  23  24  25  26  27   #   #  30  31  32   #  34  35  36   #   #  39  40  41   #  43  44  45  46  47  48  49  50  51  52  53  54  55  56  57  58  59  60  61  62  63  64  65  66  67  68  69  70  71  72  73  74  75  76  77  78  79  80  81  82  83  84  85  86  87   #  89  90  91   #  93  94  95  96  97  98  99 100 101 102 103 104 105 106 107 108 109 110 111 112 113 114 115 116 117   # 121 120 121 122 123 124 125 126 127 128   #   # 131 132 133 134 135   #   #   # 139 140 141   # 143 144 145 146 147   # 149 150 151
  20  21  22  23  24  25  26   #  28  29  30  31  32  33  34  35   #  37  38   #  42  41  42   #  46  47  46  47   #  49  50  51  52  53  54  55  56  57  58   #  60   #  62  63  64  65  66  67  68  69   #  71  72  73  74  75  76  77  78   #  82  81  82  83  84  85   #  89  88   #  92  91  92  93  94  95  96  97  98  99 100 101 102 103 104 105 106 107 108   # 110 111 112 113 114 115 116 117   # 119   # 123 122 123 124   #   # 127   # 131 130 131 132 133 134   #   #   # 138 139 140 141 142 143 144 145 146   # 148 149 150
  19  20   #  22  23  24  25   #  27  28  29  30  31  32  33  34  35  36   #  38   #  40  41   #  47  46  45  46  47  48  49  50  51  52  53   #  57  56  57  58  59  60  61  62  63  64  65  66  67  68  69  70  71  72  73  74  75   #  77  78   #  80  81  82   #  84   #  88  87  88   #  90  91   #  93  94   #  96  97  98  99 100 101 102 103 104 105 106 107 108 109   # 111 112 113 114 115 116   # 118 119   # 121 122 123 124 125 126 127   # 129 130   #   # 133 134   # 138 137 138 139 140 141 142 143 144 145 146 147 148 149
  18  19  20  21  22  23  24  25  26  27   #  29  30  31  32  33  34  35  36  37   #  39  40  41   #   #  44  45  46  47  48  49  50  51  52  53   #  55  56  57   #  59  60  61  62  63  64  65  66  67  68  69  70  71  72  73  74  75  76  77  78  79  80  81  82  83  84   #  86  87  88  89  90  91  92  93  94  95  96  97  98  99 100 101 102 103 104 105 106 107 108 109 110   # 112 113 114 115 116 117 118 119 120 121 122 123 124 125 126 127 128   # 132 131 132 133 134   # 136 137 138 139 140   # 142 143 144 145 146   # 148
  17  18  19  20  21  22  23  24  25  26  27  28   #  30  31  32  33  34  35   #  37  38   #  40  41  42  43  44  45  46  47  48  49  50  51  52  53  54   #  56  57  58  59  60   #  62  63  64  65  66  67  68  69  70  71  72  73  74  75  76  77  78  79   #  81  82  83  84  85  86  87   #  89  90  91  92  93  94  95  96  97  98  99 100 101 102 103 104 105 106 107 108   # 110 111 112   # 114 115 116 117   # 119 120 121   # 123 124 125 126 127 128   # 130 131 132 133 134 135 136 137   # 139 140 141   # 143 144 145 146 147
  16   #   #  21  20  21  22  23  24  25  26  27  28  29  30  31  32  33  34  35  36  37  38  39  40  41  42   #  44  45  46  47   #   #  50   #  52  53  54  55  56  57  58  59  60  61  62  63  64  65  66  67  68  69  70  71   #  73  74  75  76  77   #  79  80  81  82  83  84  85  86  87  88  89   #  91  92  93  94  95  96  97  98  99 100 101   # 103 104 105   # 107 108 109 110 111 112 113 114   # 116 117 118   # 120 121 122 123 124 125 126 127 128 129   # 131 132   # 134 135 136 137 138 139   # 141 142 143 144 145 146
  15  16  17   #  19  20  21  22  23  24  25  26  27  28  29  30  31  32  33  34  35  36  37  38   #  40  41  42  43  44  45  46  47  48  49  50  51  52  53  54   #  56  57  58  59  60  61  62  63  64  65  66  67  68  69  70  71  72  73  74  75  76  77  78  79  80  81  82  83  84  85  86   #  88  89  90  91  92  93  94  95  96  97  98  99 100 101 102 103 104 105 106 107 108 109 110 111 112 113 114 115 116 117 118 119 120 121 122 123   # 125 126 127 128   # 130   # 132 133 134 135 136 137 138 139 140 141   # 143 144 145
  14  15  16  17  18  19  20  21  22  23  24  25  26  27  28  29  30  31  32  33  34  35   #  37  38  39  40  41  42  43  44  45  46  47  48  49   #   #  52  53  54  55   #  59  58  59  60  61  62  63  64  65  66  67  68  69   #  71  72  73  74   #  76  77   #  79   #  81  82  83  84  85  86  87   #  89  90  91  92  93  94  95  96  97  98  99 100   #   # 103 104 105 106 107 108 109 110 111 112 113 114   # 118   # 118   #   # 121 122 123 124 125 126 127 128 129   # 131 132 133 134 135 136   # 138 139 140   # 142 143 144
  13  14   #  16  17   #  19  20  21  22  23  24  25  26  27  28   #  30   #   #  33  34  35  36  37  38  39  40  41   #  45  44  45  46  47  48   #   #  51  52  53   #  59  58  57  58  59  60  61  62  63  64  65  66  67  68  69  70  71  72  73  74  75  76   #  78  79  80  81  82  83  84  85  86  87  88  89  90  91  92  93  94  95  96   #  98  99 100 101 102 103 104 105 106 107 108 109 110 111 112 113 114   # 116 117 118 119 120 121 122 123 124 125 126 127 128 129 130 131 132 133   #   # 136 137 138 139 140 141 142 143
  12  13  14  15  16  17  18  19  20   #  22  23  24  25  26  27  28  29  30  31  32  33   #   #  36   #  38  39  40  41   #  43  44  45  46  47  48   #  50  51  52  53   #   #  56   #  58   #  60  61  62  63  64  65  66  67  68  69   #  71  72  73  74  75  76  77   #  79  80  81   #  83  84  85  86  87  88  89  90  91  92  93  94  95   #  97  98  99 100 101 102 103 104 105 106 107 108 109 110 111 112 113 114 115 116 117 118 119 120   # 122 123 124 125 126 127 128 129 130 131   # 135 134 135 136 137 138 139 140 141 142
  11  12  13  14  15   #  17  18   #  20  21  22  23  24  25  26  27  28  29  30  31   #  33  34  35  36  37  38  39  40  41  42  43  44  45  46   #  48  49   #  51  52  53  54  55  56  57  58  59  60  61  62  63  64  65  66  67  68  69  70  71  72  73  74  75  76  77  78  79  80   #  82  83  84  85  86  87  88  89  90  91  92  93  94  95  96  97   #  99 100 101 102 103   # 105 106 107 108 109 110 111 112 113 114 115 116 117 118 119 120 121 122 123 124 125 126 127 128 129 130 131   # 133   # 135   # 137 138 139 140 141
  10  11  12  13  14  15  16  17   #  19  20   #  22   #   #  25  26  27   #  29  30   #  32  33   #   #  38   #  38  39  40  41   #  43  44  45  46  47  48  49  50  51  52   #   #  55  56  57  58  59  60  61  62  63  64  65  66  67  68  69  70  71   #   #  74  75   #  79  78  79  80  81  82  83  84  85  86  87  88  89  90  91   #  93   #  95  96  97  98   # 100 101 102 103 104 105 106 107 108 109   # 111 112 113 114 115 116 117 118 119   #   # 122 123   #   # 126 127 128 129 130 131 132 133 134 135 136 137 138 139 140
   9  10  11  12  13  14  15  16  17  18   #  22  21  22  23  24  25  26  27  28  29   #  31  32  33  34   #  36  37   #  39  40  41  42  43  44  45  46  47  48  49  50  51   #  53  54  55  56  57  58  59  60  61  62  63  64  65  66  67  68  69   #  71  72  73  74  75   #  77  78  79  80  81  82  83  84  85  86  87  88  89  90   #  92  93  94  95  96  97  98  99 100 101 102   #   # 105 106 107 108 109 110   #   # 113 114 115 116 117 118 119 120 121 122 123 124 125 126 127 128 129 130 131 132 133 134 135 136 137 138 139
   8   #  10  11  12  13   #   #  16  17  18   #  20  21  22  23  24  25  26  27  28  29  30   #  32  33  34  35  36  37  38  39  40  41  42  43  44  45  46  47  48   #   #  53  52  53  54  55  56  57  58  59  60  61  62  63  64  65  66  67  68  69  70  71  72  73  74  75  76  77  78  79  80  81  82  83  84  85  86   #  90  91   #  91  92  93  94  95  96  97  98  99 100 101 102 103 104 105 106 107 108 109 110 111 112 113 114 115 116   # 118 119 120 121 122 123 124 125 126 127 128   # 130 131 132 133 134 135 136 137 138
   7   8   9  10  11  12  13  14  15  16  17  18  19  20  21  22  23  24  25  26  27  28  29  30  31  32  33  34  35   #  37  38  39  40  41  42  43  44  45  46  47  48   #  52  51   #  53  54  55  56  57  58   #  60  61  62  63  64  65  66  67  68  69  70  71  72  73  74  75  76  77  78  79  80  81  82  83  84  85  86   #   #  89  90  91  92  93  94  95  96  97  98  99 100 101 102   # 104   # 106 107 108   # 110 111 112 113 114 115 116 117 118 119 120 121   # 123 124 125 126 127 128 129   #   # 132   # 134 135 136 137
   6   7   8   9   #  11  12  13  14  15  16  17  18  19  20  21   #  23  24   #   #  27  28  29  30   #   #  35   #  35  36  37  38  39  40   #   #  45  44  45  46  47   #   #  50  51  52  53  54  55  56  57   #  59  60   #   #  65  66  65  66  67  68  69  70  71  72  73  74  75  76  77  78  79   #  81  82  83  84  85  86  87  88  89  90  91  92  93  94  95  96  97  98  99 100 101 102 103 104 105   # 107 108 109 110 111 112 113   #   # 116   # 118   # 120 121 122   # 124 125 126   # 130 129 130 131 132 133 134 135 136
   5   6   7   8   9  10  11  12  13  14   #  16  17  18   #  20  21  22  23  24  25  26  27  28  29  30  31   #  33  34  35  36   #  38  39  40  41   #  43  44   #   #  49  48  49  50  51   #  53  54  55  56  57  58  59  60  61   #  65  64  65  66  67  68  69  70  71  72  73  74  75  76  77  78  79  80  81  82  83  84  85  86   #  90  89  90  91  92  93  94  95  96  97  98  99 100 101   # 103 104 105 106 107 108 109 110 111 112 113 114 115 116 117 118 119 120 121 122 123 124 125   # 129 128 129 130 131   # 133 134 135
   4   5   #   7   8   9  10  11   #  13  14  15  16   #  18  19  20   #  22  23   #   #  26   #  28  29  30  31  32  33  34  35  36  37   #  41   #  41  42  43  44  45   #  47  48  49  50  51  52  53  54  55  56  57  58  59  60  61   #  63  64  65  66  67  68  69  70  71  72  73  74  75  76   #  80   #   #  83  82   #  84  85  86   #  88  89  90  91  92  93  94  95  96  97   #  99 100 101 102 103   # 105   # 107 108 109 110 111 112 113 114 115   #   # 118   #   # 121 122 123 124 125   # 127 128 129 130 131 132   # 134
   3   4   5   6   7   8   #  12  11  12  13   #  15  16  17  18  19  20  21  22  23   #  25  26  27  28  29  30  31  32  33  34  35  36   #  40  39  40  41  42  43  44  45  46  47  48  49  50  51  52  53  54  55  56  57  58   #   #  61  62  63  64  65  66  67  68  69  70  71  72  73  74  75  76   #  78  79   #  81  82  83  84  85  86  87  88  89  90  91  92  93   #  95  96  97  98  99 100 101 102 103 104 105 106 107 108   # 112 113 114 115   # 117 116 117 118 119 120 121 122 123 124 125 126 127   # 129 130 131 132 133
   2   3   4   5   6   7   8   #  10  11  12  13  14  15  16  17  18  19  20   #  22  23  24  25  26  27   #  29  30  31  32  33  34  35  36   #  38  39  40  41  42  43  44  45  46  47  48  49  50   #  52  53  54   #  56  57  58  59  60  61   #  63  64  65  66  67  68  69  70  71  72  73  74  75  76  77  78   #  80   #  82   #  84  85  86  87  88  89  90  91   #  93  94  95  96  97   #  99   # 101   # 103 104 105 106   # 108   #   #   #   #   #   # 115 116 117 118 119 120   # 122 123 124 125 126 127 128 129 130 131 132
   1   2   3   4   5   6   7   8   9  10  11  12  13  14  15  16  17  18  19  20  21  22  23  24  25  26  27  28  29  30  31  32  33  34  35  36  37  38  39  40  41  42  43  44  45  46  47  48  49  50  51  52  53  54  55  56  57  58  59  60  61  62  63  64  65  66  67  68  69  70  71  72  73  74  75  76  77  78  79  80  81  82  83  84  85  86  87  88  89  90  91  92  93  94  95  96  97  98  99 100 101 102 103 104 105 106 107 108 109 110 111 112 113 114 115 116 117 118 119 120 121 122 123 124 125 126 127 128 129 130 131
0
Time spent: 0,780000 sec
